9998
50265883
56738006
62585639
19999709
51933292
56057531
2052186
83161317
38394601
33596132
75950959
95577013
73732084
77766829
35667204
34099934
54822251
20468782
35162174
95011606
75633390
75183512
20909275
9583019
64980460
95263978
478874
76981394
63736857
80254452
79573859
14002739
36992457
94675849
86518800
88925748
50733379
41087337
24603416
89127980
74683468
554374
84704992
931903
78321203
72888547
35031836
85659805
45873680
70194009
33187762
21507070
45377520
54097037
31090088
62874332
49361014
31568962
39855725
65614222
64339765
71945935
32133313
1332221
66621784
71168464
42774320
17355162
12255800
67377736
58999493
86939267
20448461
96220836
87871169
51286015
69109383
75419356
36945819
14983062
45613364
70133581
89006483
43507236
24230617
20096571
6381567
26107982
51665532
98753643
44238556
16005296
70699577
28888220
69853868
89837712
56683
65144539
7192874
12312482
85038626
18708718
51768100
5487087
14929554
92155620
56773101
36555288
67574975
46235272
4054701
65704690
68885204
93061184
9211925
93115820
13157754
68109843
71740153
17339637
19379837
68495060
85861284
90079414
49899631
8231503
79917125
49956313
73376041
39626350
14785146
58414667
58335068
19069597
16418105
25780973
11225216
25707557
62336260
78800190
71942828
66390960
44504880
40828031
11968495
6233156
86460202
25126248
74342999
10716707
94982236
93722835
79211766
80843519
36318600
29111397
41591373
68752077
31584061
14967414
60894778
46369207
25898432
19229845
65438803
42316536
97527169
29180371
68024092
12379780
7980560
92483272
31287092
5001791
33311302
43255586
11234947
72287856
20898186
38094297
83004562
15880421
84333483
14732679
49240292
20652083
43844075
90831664
41920511
27944488
58315429
2815288
26830046
84213860
74561485
44785200
79046747
72088653
73965570
47070839
84468433
81946130
92070462
15755524
39464272
25381763
11527461
50699218
50185970
32425646
41309866
33190531
48306067
25643349
439562
97546358
46295431
44283636
40894373
40732293
24744475
99209802
43547580
51574520
83423661
18109064
96359720
62470408
42714069
22841641
62057598
79698853
4787770
54128059
47970728
96768394
32026173
59498188
47467611
34728495
91923834
88777477
67919025
92746252
66937177
68358586
42808961
65748959
65158574
83703333
6481251
42419400
82913134
50028830
93993920
18853147
20654246
42869991
33839906
15884666
65711631
95897503
95583518
23015753
2541913
96070597
19784146
87084437
55568784
19768108
21812931
8969
61061936
42248308
92755220
27999112
63123245
88080532
93748070
80798170
71783865
229320
23217570
7213350
2774502
69727841
26066496
75945099
65114183
59906401
91829764
83342165
8320255
39929633
58874269
63378519
36000229
31174766
50462956
91569012
50942874
24792238
44094333
64521161
67040545
89365904
92520273
30163790
77446436
38784694
10961959
1746652
91530366
86695880
8960001
94304867
56423720
35026497
70249965
21537902
47449249
14596080
57396419
8285856
54525712
16270687
71664374
90525940
47445453
22127329
34611303
98388326
46919567
78705635
15425838
66476463
68071539
60462462
96640252
45517974
99247156
60118563
47264625
90777521
99330794
56224625
37598739
8270866
43767473
60365055
82325119
43733074
74961134
39721537
52018929
29486845
55992224
23683302
20012784
3437676
98326983
54624086
54342353
45246549
85846073
69768190
11723011
53917611
30230652
60879615
99435584
81994159
73514529
99216560
72771679
25361674
7957536
10370417
33632539
4241361
70735471
15957658
47974434
98212956
55679194
52509714
27699800
11671417
76193015
228935
67625444
27036349
7369372
21967796
72282897
93215444
44252338
36522260
47133054
74482989
49918226
99084989
8993499
75949106
50817900
81765177
1310779
58775436
44651945
34943318
15533148
67903767
3417327
63507581
66116722
59096520
68533646
46332873
23284289
97243012
46561807
90909732
24279361
6447530
12877528
49078609
52179326
57129865
38117220
51828731
84129205
88035445
3430072
93122703
16500902
54247971
27404231
17811681
65539758
72056175
5271350
81072905
39959941
8688676
97096837
58593014
20301547
65630482
4925886
43585835
62873494
4004044
34495567
87152854
10451573
47373094
88747814
15147250
57019310
26865034
66975981
93664866
14900478
70406052
39303920
83917732
24654022
66708150
1729412
90193780
91280676
59517113
23783036
83756968
20722140
20879873
42349981
41023686
39026706
99792218
84609521
1900199
3796261
19105087
41569404
66764185
18994532
82833570
81911435
28530193
9698603
48887415
22195058
77115432
19293466
61498977
61033163
96463839
80723478
15278926
39173970
72004153
74796038
62957006
55761120
48034529
36353230
50627452
89058215
75379935
50419669
26184087
29796486
6732281
45289173
23882241
73496465
16800056
6715810
7924251
45330248
16414412
9328017
20041657
93529844
81137834
81540633
7079358
77601673
14780462
22358284
69291994
86784614
49670673
32248999
42545733
97705202
68602228
45689536
39279768
96498515
96109204
65463854
26295000
2841484
63269378
2693592
28854300
80069433
9409402
89294903
77916032
78340165
98622919
97957688
24386360
32277105
32014672
31465718
9878777
46795133
53824001
79170770
86096098
3494673
63936121
81158182
53716226
85054700
26847717
92995993
81553214
22956920
58459846
60364565
78314755
21729223
63058157
7169054
54315007
72467558
96463956
32231038
50807722
47603227
82705077
75194082
79880331
67236100
59176151
42275459
66547584
13000151
73962580
52643681
69011175
37898700
33801862
22727401
22953400
60649578
15723393
57022965
36122849
26699591
17387530
14437603
48428813
80445686
74123009
55260172
5429595
70586964
87491209
56237316
70706542
22712638
83947749
3103224
89948737
43123899
45378682
56496321
8640401
19341262
61656353
77651576
9756313
95458215
52895328
32709712
8624144
68618720
42249029
44746993
95318310
59636558
11700947
96263475
40082243
85823955
51523646
45511837
8927271
91531206
54265504
79633812
14243843
90729605
82737036
56708932
86369855
28115717
65721604
95010256
99973330
27377956
25178183
9729643
75352522
78073510
94955706
36493018
46692229
37204734
81240010
94526891
96841291
92940956
90790365
89439885
78764911
94830362
87468073
87692181
86361567
41733577
19842344
53121762
84979533
55095731
62347045
71349387
35727800
28068648
66359642
35701129
7962955
44054176
97947123
35831829
22127685
92902829
72324846
21336266
82623914
6081207
68379508
31981557
51538514
11686224
73937793
82819776
6516585
61405866
23028308
45394503
55655794
42870652
98516264
40635326
97966382
13379660
11984712
33694181
41448307
30860706
21911662
1927614
27431233
19858784
90275794
49558918
65277964
62600639
23411535
418230
21198197
91791042
32399786
72736710
3477265
6337578
55556486
62510201
20259795
78584793
7904703
75915588
73971796
58937319
69067265
71938178
72316978
33568329
58148710
66281637
16945386
80060371
20725602
44376618
52435507
11001395
46451887
70229822
26118385
69863421
70648051
47316581
14170814
3047836
72569642
70164430
61901766
80642479
32674630
34677912
11743624
93095685
63109852
85715419
4549355
32177116
10169948
76866332
18261796
20835010
95664320
35207181
895380
16389921
79583799
5847238
79907667
26035685
76077060
6026051
48415458
46725110
5858983
62586271
2289298
78428625
32750701
16707415
11587455
17941682
51385326
23331078
11037366
67011529
9046497
68103072
99188645
19216444
44969404
17450440
40051453
93150075
5173973
93463185
9539996
84757771
51826774
89447662
63309807
27903833
47990065
64241616
27145295
53849047
79344239
81950944
84794023
64611291
98658358
96381478
82552972
2560035
19712555
46106690
69571564
81275403
14209761
21276560
53008199
11695516
91243351
45576003
4845591
96417323
39039187
66901938
33691445
43382313
8865951
49517604
23802497
56856015
66275571
50947791
63221414
45619809
32898734
531788
10231099
84073443
96913265
45300423
39149830
69142172
43923464
61237745
50417574
10649576
35030656
3425772
74861444
26274006
49001775
79707034
75207681
40557313
99125323
61415477
36455977
7991273
10933080
60258474
17363640
29725003
11206264
80585053
75344811
96621350
81116840
38092262
33211144
30546457
35909036
24877325
99688628
32348851
86115069
2622553
42998426
73662076
58564677
17859869
52452434
60082803
50083254
27660114
53156467
1724928
89075590
89612444
9716201
52525022
49870917
79596192
34766376
13593532
60181244
10111186
62731233
93814435
719799
95942377
76877243
89145186
73336053
29082222
21494036
11967474
31704775
64492462
85629549
42785803
34868682
38081982
2868605
37468288
18258447
8541423
39193215
59850389
98153866
48909415
12375410
541134
28505606
99658137
14134666
41203201
62285674
76865898
87533988
63005473
25324626
64411230
52150658
98660679
93493452
73644694
63144504
77714578
90653507
48774052
20500380
25522188
86856034
75885336
15506827
5114480
36943110
54700042
64964868
87613328
56125808
29856629
88154461
84631414
29514765
54805478
78350966
44316791
84187728
18401305
7322263
62028705
82812535
11989272
13205735
28822338
38150317
76350238
6536915
28803823
25124290
79553646
6842363
64496675
7955333
22349189
22127506
97414794
29565582
39608726
85028121
85691390
69465354
73182582
22839155
51496471
80504411
1190120
48329613
64692138
19591425
55651875
26720843
54920311
20157498
39926577
83742648
58307815
68793167
42795914
39627989
93917456
74865911
98986703
10930482
35337595
21335892
33057987
32752388
50901473
72666712
17780509
36592862
94648418
43479442
11948368
98661240
23983852
13138488
46990852
41192342
85246264
55159078
20429536
40166574
75316575
12872464
76425573
86140741
81665630
71737838
25768730
28099437
46603748
24755432
39029918
81941342
98607675
24604257
67210081
2025500
97270968
84990589
91134713
44435737
80986382
3083081
43096976
57486586
68737920
42604179
98678927
53984183
97763256
19108462
46667108
25596183
84497277
75609032
11736923
66162907
47346869
37505652
46778695
46466968
14777436
38324965
28408309
13385110
62929221
48134741
15410609
60200188
33125330
59061674
57152277
14111711
62144754
52765604
71598296
30882673
95369783
22793574
37383207
45649390
94418387
36566666
71245572
78915664
12175697
82982495
97594922
12038917
73004498
44373616
58505884
87781933
82698580
39430544
53683395
98144152
87565284
21610355
10860692
73206965
80672028
68012968
39835028
95333133
20778571
63949675
26215805
16148353
86743249
16115363
61797743
81161635
52682028
33043314
12593650
17374076
68542160
62704923
81929344
41546658
59594891
92951579
81844942
94809822
32382122
35528336
92953974
72463758
57138691
3814665
98187074
37810718
71827632
38022101
33143851
92606202
1971776
11876007
61270907
41231376
80507722
75585001
74909362
85706101
61144666
87503012
55596529
29686826
2724286
37525872
23749835
62319176
30477451
5594776
57128998
15375924
41123112
50082971
87839681
98261802
6413987
38543107
88588871
78241618
76565207
74249073
23364171
31053334
38641432
37151429
72284709
19149153
12736429
47194071
4855253
73881095
87213434
60451781
56084272
89937719
50494005
79834106
52256895
80971455
85428881
9385892
96347378
79068344
11985214
36703411
29846497
18399200
75246517
18435368
49157169
4328075
92684440
25037691
35381409
31325871
62189120
7666117
2991375
27441900
54860187
7846628
1322994
42073620
20814760
9923617
84527691
71308764
89757722
36784585
4796570
27702955
98686828
53660300
6771298
10672041
42880062
36617795
81587592
70642930
7569514
83261112
74971004
52770305
8298802
62868764
36612528
23004273
70534881
39603902
50446173
77911419
99966881
4285518
72501391
73297993
14209135
57029081
44606756
3966856
46330017
1919678
84186162
45016844
55579977
90957460
8205236
50976390
80091606
42309179
21619319
40177471
25570290
96590322
92947775
86385443
59459086
29560302
9389716
82510318
69164204
59835888
12938088
21647436
64121405
85439478
94945428
78330539
94984910
92068536
34813747
41314926
93988213
18999908
38848121
2084541
62473719
99569708
53060930
95081676
41878886
74680248
35259146
19965527
23786921
28206921
6350970
35762358
57767222
15740685
70789027
79447777
75576572
83727115
1095213
92214328
21682944
48556992
70544867
69184206
40625527
5358613
10499131
87130091
76874872
1863604
41730983
39348591
1433311
47308264
34430266
43312197
74504863
22205764
63277723
50808136
50412684
69628692
86570493
60696257
37885728
9875872
40144034
13462299
46119338
93755598
5676627
67802281
94828941
28737845
36986486
87970820
86612809
1969
27617262
63487680
1865572
69348245
55352622
55815234
69172860
42299240
51643782
43677723
64505003
14921505
94485858
67434038
37066548
33572702
28130294
27468628
95964925
20790679
40930926
42084262
67062628
99123904
9886543
61891569
80378100
99389380
49862388
66990908
51907700
29996001
82994940
6289623
51860597
90863913
62104857
21033457
33163152
13748638
64711179
50184506
81186494
11713388
17618543
70769394
97802441
45748837
98238021
93767366
66539515
91685298
35851627
33602143
43325554
98254521
48010063
23703653
50160253
50388802
43210913
2067952
80384802
26205852
8357575
32245399
17069764
22978783
53278855
2749268
36727420
70506385
52933773
17913914
34736124
70552316
41199659
32538564
68817504
39437679
78822281
87873370
31122976
67190260
73991864
74448529
65444780
22001926
98152182
15605032
24907079
93879446
70189336
5291881
20085297
31063262
37537279
89671412
54042044
43332485
44937031
90769463
66355221
50387156
61199728
53607696
20939471
2399386
86146259
42273326
41837064
17484892
30146695
25476392
84675151
56654911
99924920
2636282
78656836
50593453
18241314
3563915
44472898
40947001
61372147
17074546
72010262
51425777
59262310
26052305
47274613
4199340
69338119
13629833
54586495
30537847
67237528
28042317
85453584
5900138
22831994
79807000
23385029
52978689
5283391
60576531
62149951
57724662
63212813
40806786
8318115
33970478
96887052
52791012
74917478
58259198
22381910
99444091
62201326
81644219
25496395
9475938
38359910
47350865
23105770
92946405
77888711
42859649
73505073
15858647
1276139
96337067
48181998
77177519
1832107
53465388
37754050
63982057
63706401
966862
57305194
72024515
34937339
6708598
77331879
62371168
64967795
99713788
61815258
27169121
33874358
39828004
89161410
72234267
87178868
64783532
17697023
17583931
60159532
91202096
33442577
61435670
40055514
34140926
38613189
41887620
87606313
28883590
58386028
3829065
82366803
15691221
75853580
69820493
22399818
5701810
32191660
39883965
57931949
46523269
19569437
44322658
86351272
61247198
16556924
73530139
26030729
34253947
43630421
86190261
77972394
29589349
47625930
70544259
63730274
38755470
64948230
3852938
20155411
23334257
7682003
2522213
91541829
36051934
72342705
66457999
41753743
57050716
58858315
52202043
3573984
30944103
96524700
42441607
92191300
13081623
68488098
18222029
99851921
12118518
56928641
30340666
41707867
57070922
884924
5438140
95826392
18349505
9291078
68498154
94200113
16973080
71020367
85741942
53025013
95879423
4716292
47295107
5446491
16090958
99497149
9020474
47035060
48538200
3978433
91742711
61619822
72466530
62481091
13988095
84585047
19409731
96845112
26292913
76480653
50246388
84247405
24823396
68595892
93538482
93321549
62796005
63027913
16858267
1054298
68569277
65254042
58286941
68380735
70700532
74377898
67877883
32237357
73929309
16416082
36215789
65672019
30552255
8682318
80669462
97056701
93267365
79192
93901813
72076629
29076196
96664552
56324033
6415943
65260443
2378866
99737492
80572799
65406778
69112110
81627096
86492406
34366151
39914036
54873140
57583034
66808285
75267374
89820391
40737593
44199807
26036179
58925964
27268414
34718497
39595425
24325114
27985861
92190968
70743278
52578841
73783516
67407829
8902874
80199458
85184624
11281739
32453301
65757422
29204869
54081763
47384518
68213626
88447913
39814905
23086766
98547299
6623190
50870491
88367689
99877134
95070298
14403867
58803097
22338711
49122363
50914873
46663824
29624575
95622193
69923454
82203416
21922060
37331282
43622641
2121517
22515905
7420731
87091170
40789679
36625599
41172932
88174196
57355577
82137196
80505452
32958694
80684494
39644993
83829184
69052182
39522127
78899481
83456049
50841575
53754543
85094763
54272800
418367
14719338
2411344
22858172
96922753
24333403
60189453
40545393
26454919
35221710
482475
13546088
76011388
37108074
7235371
16701935
46980002
89372567
97207386
79938695
70057060
89368731
63767878
91625594
28890857
95183711
27597994
32248783
48938253
12692756
86521582
1872971
27412093
41449277
24731142
76851197
65782679
37436947
69912941
92237598
72658656
70395416
58300037
1186395
60019841
65535408
70404681
59516194
7424326
20128418
39454888
29997737
9497148
3222765
21623330
90904356
50922827
49221323
23153139
99861080
61914079
62191072
1734050
41842523
3640349
78981544
71210072
69423027
16418490
93639364
14176976
41593497
16551131
24993365
42779891
29087323
90528772
13184571
88603516
50469449
33312988
28058403
80467185
95326488
83797520
2090515
86230843
34720346
3828189
61900333
34581425
18258619
24091405
88831827
12617494
80248105
67813370
83827565
2187483
84231859
29983280
16364459
78341707
46534411
41357823
21121597
75621733
84402946
86822519
64225249
34872394
72651858
92283651
67855930
20494697
28597522
22462796
6725540
63317868
26290985
68625872
50415644
44549603
45233628
91763822
9683448
25481732
59577191
46027364
80185567
96325401
76010644
96550025
74667107
22545054
90424199
48305055
50683138
27343496
87643925
14908386
14732241
12812135
59708389
82588170
33306831
88305910
5050966
40032370
4140129
83858302
61174594
7072125
80924256
6408221
98835946
90607704
84406305
10929489
36635067
64591871
59771241
65162062
13658247
86954700
87707115
56598797
87776106
38390253
36458644
75420031
5814990
51190884
40748517
65523378
86295405
74055347
6345640
43862722
66604069
63002120
27721023
80295014
22590596
61161631
86703234
73942894
4285686
23625890
37388734
40920752
40734112
97159974
58599166
54392358
36631025
46306280
63507506
24407131
37212884
99966149
52343513
43027874
3673384
93092029
61067603
89968789
19663727
19929594
33831510
38784147
35448066
14068885
19079160
58038661
27746867
5782394
84497906
32032552
81924635
21886639
25469655
22658747
19046613
84068820
29567456
8193989
82891452
93074962
32601119
72620687
93041110
37460983
68164912
96714494
30553011
29232515
39199634
2733090
1678460
25547495
41517236
89642877
92132731
60596396
47681538
19879597
18895141
84695795
4428500
53336127
6582434
29898155
75994873
78145398
66483326
5562329
86339386
1891129
51153642
71456857
74511816
96711103
8917839
42676727
45941948
39470850
24425593
85141581
94720291
26104053
63205428
36237526
68263281
55338158
49350273
68461170
27734107
20761765
53156965
32162606
74097892
59739398
14577112
50092764
37884795
33576790
8171444
76740532
35467918
59325085
48197388
9979733
56036188
57115227
52656460
1978135
49102428
77082052
39636068
43822718
55702456
2841495
32576595
23965737
58179652
34443220
92426906
38430110
55204984
45583870
70592716
29302875
57839619
37686179
31911991
48240765
71262968
40083434
24981297
6730886
51924871
73178684
69226970
7961058
30293910
21883429
62455544
31912689
51481833
54607963
28251758
7184288
57449457
60828353
83666376
68145461
95271572
28609634
6575570
50476555
26709855
29684637
32295782
37065826
67370816
64207772
85306590
91150135
4291205
10287886
50397372
8732427
83466570
19624342
69209836
66276831
41507770
31665380
50705872
45505954
38789694
78957629
5206594
96239151
39785981
88872969
16900963
87573904
69998954
75992884
90566811
49225161
58193873
22862592
86290986
78081040
39586715
71597575
69231174
96394271
81885461
19628546
5126698
17868382
39252887
74336533
36661564
33277008
58518264
87367435
78782962
97307958
66325064
83989555
46063460
58627396
25378875
62964422
46201300
47894181
91473657
89284462
97119341
49667529
64663405
83410326
27748568
4250119
55007900
49496094
644389
89409712
69124639
5771086
59794445
60893877
80107619
96456009
46687236
38625882
83823443
77986549
88450191
50148506
14492455
34513650
8775902
39871330
49994423
7493553
87765510
41468080
96778014
37401202
43651960
61441418
20811527
23916880
65691536
28335778
73412973
18852276
17745490
95053963
24623362
77539934
8464191
57247332
26512294
55151426
48389565
10335737
33137975
89356108
13000594
47630429
23869757
21776495
40018110
26380532
81786399
80299971
20364963
31080764
17701172
64016922
92522181
38512698
87933801
10730068
19364828
13863125
82098696
89626669
8917087
59238409
19682954
17381277
16485740
46195248
25049055
17391656
56530984
10703381
6747763
69531577
10850161
83133872
43824424
3384623
9514403
78127174
83684593
29879365
9207938
1385765
46412638
54246470
92414814
86862791
17492890
11779641
725915
99591585
1406309
62159354
58829993
21089263
32056982
27832084
19800862
9622388
45223739
76331845
20325768
4487854
98379773
83692281
40138077
94720548
87076903
49652479
25364074
70761495
32048195
34572011
24663611
78460832
88818480
17078425
17839974
58827721
81374417
18565889
58419305
82780726
33241594
17249297
56386340
65298575
45081380
76187201
27437315
42821471
5035397
279434
99825676
55931521
83971714
39963752
50652069
71048616
42132582
28532494
94326463
74180776
63104504
18990073
52641607
4439335
36068497
70481581
63267056
17442914
41563821
21686360
52739991
27321766
91452009
9126330
45136692
89049740
37829882
72574006
31871210
42865278
72853440
84213237
51313150
56825153
24176988
54481570
80390121
66309569
83014063
74716583
93006696
98634918
93706655
98164655
3074253
82291504
21162587
18857660
99734417
62726407
93060371
4990759
42564524
37028731
66633440
87701215
26078471
4463321
60275221
10466032
99844950
33128660
94679269
3674451
42470164
71372608
58156021
22860284
90198529
41170083
97576866
83205224
39805001
43799873
33886230
95395605
26091376
55048816
14253264
78342144
70291574
59829986
83332902
12856097
96858717
49966341
557312
22937187
6946013
13348884
85919570
59307314
46477543
80598838
62981764
41464058
4487798
21137784
16840694
47202678
62307867
14417559
30407901
54629219
10733783
16810483
50024823
36825158
71859298
16794438
15167301
42150872
76624423
98500202
7523320
25999491
982894
8080631
1453029
7928906
21429514
87372599
67236219
20423408
20487788
30217983
14403818
24975585
3872118
31244511
72178262
66179984
98178421
55102515
73325554
8912204
71912997
23350376
45737361
96288646
40144813
60904662
38439517
69285588
11921215
45962837
95285078
12904109
6559819
96738107
73349366
80505685
84110705
40585585
53445444
4598492
23319919
67849261
82090429
27192036
99093771
6785042
45888372
97272192
61887556
19213925
6184395
86316904
95080653
4438107
82605550
87741817
65342768
73561418
57027404
29780335
72040606
4828834
42684443
78600425
54083292
68550160
11622461
90710348
9135744
65067904
47825191
84972014
32917165
29915619
64680402
84527287
36700661
63085125
81799478
51104568
82299049
40500224
37421472
77379701
44938331
72543373
17637870
62797450
46104790
74665273
92577784
70661748
32010458
87778578
49262172
86093749
56328738
60884632
76804096
17980833
78468887
24629287
55469199
11386051
7061257
20149600
95913338
43761917
83234724
30229167
94866485
18050124
23245743
84804308
47946177
68184073
9864032
65584046
83497874
8485173
92765670
76075658
79146920
24776128
16370587
28409091
10869876
72699324
41810074
87673972
43196509
72795313
64819610
98665707
84181363
71880866
18815306
32611052
68159135
54566381
15356571
15541971
25132856
38602313
346278
73079032
59302737
10210309
91179429
42800610
18695481
83945099
71392619
50358753
8721226
87763206
31284195
72107453
12978881
73094269
12297776
56175389
45889581
77117385
7357447
82587295
1514603
78689104
67714699
69673737
33255484
35587621
85215707
10904692
74189933
85561984
36500075
86009021
48288644
27679504
81325982
19500476
64140954
5234953
69859228
72862179
45514510
1143423
97485983
58493390
26754043
9783759
67185131
25159975
39417495
74542577
60263621
40932097
53231681
80494671
10605833
39003516
16082291
95821539
49908207
42788575
33899874
86408282
28797595
34704869
14087785
62639929
6721697
78228738
67874881
29097276
3607268
13389390
82757050
1093250
24399131
62027444
63393360
91584261
39703770
2810855
18643190
99967391
43742951
71874870
32978413
6865136
10878385
49060704
2686674
13302944
91849278
89102900
99711225
73163225
23807768
66315361
88319505
83045816
97060450
56194385
12143092
53184069
22100126
94900141
6793670
46499256
56927585
70187030
90599869
96631354
25514236
9243058
49115096
21773538
33634279
82093509
28638673
97029015
83670564
83841699
10331958
75519841
25460950
10043182
1199417
49268717
28874894
89518921
84830885
25935343
98229657
96973976
79119411
72846134
44390468
85913081
71861742
1318052
8616462
62461610
50465758
34130697
24221019
52097205
55904234
57855297
34190713
37059259
54884311
17861276
73417309
17732621
45897469
98878258
27775802
99613237
663326
9167048
41648510
85494210
35102390
39878166
82468185
66738153
65240652
26858653
5167585
37102393
80693056
13784046
52080354
83675165
431094
76301372
35772370
56335327
86673020
69963082
45910937
94073682
40340710
19328245
11806302
86238178
18206502
92098456
85851414
18869828
1265503
27499923
4364037
88884244
19894441
39348574
55622396
85135092
18723578
60789980
74753836
99416633
27090377
26834189
83091798
27521470
3135560
71380519
36373149
42324931
41343600
82284085
36398612
34200661
1612330
48204914
20438838
72335183
40303369
58806604
43721362
94085223
38822878
48085399
82969466
11233670
39950324
91108214
48885113
58673901
4414545
23638948
10606885
31504922
50473136
46215034
11542743
6125047
17595552
47915891
48449977
11455504
30199976
37364941
45656164
84328657
85569854
18611354
9180191
78389574
29934309
52901553
24991148
68757186
53503303
7960613
32507208
93453626
99068826
81392320
4643878
3483371
5031268
67767114
87504644
8020755
66498500
99047386
14145802
84094051
46963277
15112130
48065906
29679604
52477070
46238422
66524612
90563275
64849775
75704802
68952848
94784083
28606354
46460347
16057620
82109656
54420960
1081179
28079633
6006137
82473499
85239862
62005859
40021118
53006976
49510502
48041872
19505475
1074240
14704025
56115877
48037516
29816155
4181783
30233471
34809576
50420204
96758082
25372851
67786330
24979235
46842050
62570412
53585589
93302397
31144383
88211596
239708
32225562
68807581
6245844
67215412
54047442
20768055
7236529
7054417
70278556
7794752
79076243
71352795
75015129
35192120
71906662
57347635
91890254
54656484
92157210
42310457
3930917
70046412
10096786
28910152
16888462
25183549
35012092
62707210
8844283
75740039
62946917
93586196
44547619
21709112
60801607
98595061
42477166
20554487
58165829
12755722
80865591
37242072
36624868
8397071
24950543
61047882
65744705
16840796
68220717
10418266
59151252
72151634
80464678
21764389
1061785
49869491
99464289
36073876
12576700
60824923
11813914
28039968
54411119
8877885
49749079
15212725
7472945
92226245
88283564
18155125
57498318
69149154
55397196
46639537
30062576
80347738
7687418
95807280
97188533
28424487
58741897
8856136
576120
39206574
83136876
1637904
41592416
35117516
90228131
6685467
95942439
54558396
34725434
50353557
63436280
84474513
18082633
23425576
29217109
58882548
94097053
86715426
80548053
49494248
33354962
10610628
82358338
93558732
6417907
32063222
21983218
65159804
93435710
75075689
56882729
29088937
76713592
50991497
64206453
19458074
57676963
12665243
26532821
44918749
63018799
42485453
81909613
33617783
18427380
11126721
92500331
12524432
50358498
73048383
14535032
36229811
83659011
96893369
29788542
42593269
81472942
4288111
60269424
27425003
79363799
69668505
56513940
8593742
20660001
73236744
80568167
30853315
85901986
7100988
75772063
1437136
49586440
57681675
35054918
20530171
21324747
27555248
33054603
71683244
53119983
47589634
7913055
36778993
96999354
37701596
31888613
78472295
94506059
92158037
58413650
26386209
61826541
14927589
87496303
35002893
40680684
68064469
65856207
26582669
27681808
94144622
28019804
29784599
51826296
63074721
50314770
73151043
43146321
83369372
44834286
96266303
30959005
52747340
85561647
27958358
42965288
17450259
58947004
89987698
62124647
69877005
68890258
23951187
37320945
56386560
11470431
78001628
24451029
77326638
4584296
4649188
71471259
85120451
34433787
75813906
711524
84748556
48964948
43857844
68117927
46315586
92640498
51593283
51579277
30718496
32067992
47060916
48168754
91014995
89564965
62809753
13408352
58455223
86760939
50729296
14841782
98231370
28730924
91809162
28074359
85831571
96458350
99545617
70952022
30892136
27875874
71663545
15640691
29357174
68037740
36274969
75672759
13194589
40384603
79768387
43913084
72452594
26829303
44598189
15983940
16394267
7407941
29392291
74849489
46685232
80121587
42207623
44916601
8852510
34016784
25507311
94684080
30475133
77569279
18152453
13883620
5445152
89815997
82040662
34802325
10370088
18315630
62991435
23564676
11216584
42759822
67477759
83669177
22105476
12075948
99653117
38499742
72000240
81561759
65865583
18685471
61683345
8073205
16118423
23052206
94606340
41625733
70252638
25081473
71711363
88405090
91481444
77156515
30737439
73522106
64475191
41107526
91837735
27466626
64672202
3054319
22742799
84666312
39239847
44848274
49258611
91409315
35864367
21258851
72971074
1729949
39944321
87170770
62319505
8579096
10222976
9442197
50204828
32991965
87040021
74432543
21397054
78521464
51589057
4650844
52043569
16064247
45758370
96397656
96047224
62946923
51968326
18790022
129586
91208172
63638295
49388197
82617487
52019014
23163399
8104912
6265314
15624071
95275681
68584819
24203166
58015008
30543367
26924346
91006972
17583387
1356888
64920378
96104850
5462296
69571221
48148419
74042894
67845942
44546074
70090118
83309216
96514399
41396491
83438802
40238922
57551138
85343350
22856408
9570151
8506748
30961319
15835464
76647170
78753352
36936634
850336
36768359
67480000
80291033
80291683
85063386
81647920
45212060
33684588
87110215
67299632
81833006
13669460
35145574
78895431
83759577
18454789
27926181
25156068
54409942
68165102
35223557
92269643
43537862
44793707
53292742
27015532
60629170
29939912
5768883
97565804
83306599
95053594
17562155
63597631
75345276
2625541
45245550
73073687
36310128
84872116
40373318
70659485
98541575
75518891
2071267
34817504
46490032
29997447
12489923
53416325
50678900
47713479
45685968
94216761
45023537
98978709
21232293
5652706
28918620
79517527
55734861
12225218
74571120
25813368
28339200
2432747
80955260
26101101
75506433
69781739
10973216
15879751
40441223
62031143
43914993
42512489
49364998
42921376
25026287
14371272
96337701
75705186
62084750
42023668
69921947
59624638
93518728
43670591
65277343
22437348
23188117
73528556
87178917
50275589
99341923
15518117
52708335
80297182
41619217
80731120
50078920
5108785
49127222
43036494
19656279
93042214
38065334
21537628
88479942
63091620
35908899
84817642
91313157
50510000
79357661
61235103
10134637
72876388
57422045
27928331
47830087
80610162
1456886
87525356
83402102
53315160
55559824
88626788
86128693
97179040
69357907
88723964
54804176
71001480
84276809
26976806
16560046
22342142
48514433
5039987
37950113
84423331
89857628
29263270
34933330
21731640
43014724
97584318
47124379
436769
25512649
94954466
81046930
79485886
34996173
16965383
32801046
90555996
5592170
71446090
40251387
27466429
60170054
95055563
98467908
96963214
22032368
15027953
19305356
70546801
20067939
9771820
7486483
62441918
39035089
42419813
84173557
82049813
40004130
31297936
82486581
18033130
78768753
16049862
97519016
13764925
33015244
30320061
56837272
91123765
54282502
97088658
18590193
66968907
92144220
17058101
63932121
66692940
32086053
83237476
37239740
4670344
93009295
97242574
67112261
84560736
92178738
3802170
66610548
84699220
87616457
1613480
2732349
66385209
70179693
251364
32666485
3194936
83087776
89503756
46835052
37370278
39108765
65425245
4339184
31252985
34999697
20787656
50462276
19602101
4025131
40218367
24272444
49550778
37460940
91384705
34111513
29639678
95186874
53238412
14338897
82803330
7368243
69587597
1704890
77547935
69838961
86887726
33259222
5443088
28907833
80094273
42813365
68016597
98035869
99668901
51785933
33035565
20456556
2248208
52637666
76998039
42466574
76910109
79065168
32443866
20811165
65693032
14599895
15998038
71447795
28938791
51317719
78816037
98526387
53022608
56363971
20881699
92426685
89623192
26324787
21334517
69717464
21654503
89351114
20269685
73839755
41137046
53305249
46812663
95901606
58459266
23810701
90884531
35369375
55392220
23328396
56180539
21085251
37928290
24694929
92533045
19383432
28528999
23865433
70426171
81551607
80229403
91307869
26494643
69852594
70149007
47829160
92086409
91803510
37180273
12356093
18159616
30833670
18177694
64972278
26735275
76636959
41299330
70136158
64522685
96691549
93464553
73219576
70293151
83909195
97914504
15342547
55808978
26443502
39207979
26235148
60511460
19437381
70059369
87006103
41806326
40208375
34835262
86409087
84528236
24531886
51281531
2687852
7881907
69459224
20176481
87133534
98612535
61475811
57269691
15651571
10683711
3250595
88871146
80976862
39676141
39302001
96319408
95485119
18261855
88043739
21720266
78773314
7481119
44295986
18295768
1803797
84504361
5647381
88212883
21548948
82695618
39494413
76753151
90577525
61469989
96929632
77711058
12598875
58405442
87497100
28250445
21605504
90747694
17121591
2582365
30423835
8939943
51418125
25908953
27201797
39461863
145570
5975111
99459333
44441556
76787230
1263129
81462268
34950963
41992363
3011215
17646580
81486776
79764366
60740456
95473116
29210349
38451513
8071990
40132142
25948612
88838786
61737645
69212658
58476728
64320010
52152844
67416671
68254486
30578148
94618467
60232700
30723717
53109929
59692032
27681624
29897159
60955161
61660243
17364473
2947523
64671458
35011052
36950650
96952175
95751508
84940117
78678875
86719372
45528458
18811016
65184336
34367244
80548660
34396993
92843971
97385021
39066188
12776993
65639506
69644335
7395460
78388557
52884403
13021740
38080589
33082379
42918898
51552101
94742621
12799722
7015975
11930430
47810774
96482977
61398956
96078633
81423093
40077830
82798004
26951551
58888845
47982339
13835146
39437505
34895683
59195468
89338877
73961870
71972461
7494735
43606204
31884272
85883291
49006959
44906011
23963879
82089337
40341261
28032331
76831957
53140982
35048306
88762387
53468107
84047634
50161342
49546739
65470726
90239172
32344743
44938628
1644368
32843433
11290125
93598224
67739116
23001945
82937101
94217337
94974405
90431835
90339893
79375028
28831477
39346851
76797390
5311708
21436187
17138650
33344038
50784495
22795984
20908695
39546881
76264090
4956328
42224575
25810829
22943406
84980098
10671923
20398385
39140817
43515355
31688510
32739041
63770822
54690454
15676141
10504511
2181210
58624327
844403
34072589
39972155
40191253
10869978
45283862
14143791
80524980
31144252
64928285
55837315
4569298
56991518
32101404
9525626
51732444
10428584
84985383
36712541
73616858
5383767
75853357
69648565
89588628
8592397
85935738
96795433
76784889
96440248
51492994
87925567
97284650
38081934
80414074
89992254
48951912
25697935
4136044
81993243
9358538
21580681
37830557
13927836
78572198
22448312
75969813
30304641
85393248
60955195
19533533
59010105
18855313
47903241
81175021
60960293
9011990
67110759
10272077
85796878
63551006
61765071
26238797
13352008
99847004
6652870
3344261
1315267
84867156
59996657
35824861
94225694
81577337
73655417
8153529
12665886
48620081
36639693
42970526
34013328
97594887
15020410
45539784
68966551
62923650
26714805
29926843
71935639
93825563
40198920
10248869
9892920
54480342
36487665
23244927
6843697
95656886
79105540
60675316
33040393
39102196
96500176
79782438
73195884
22671945
40452318
85861769
23808377
77092010
81348646
10338056
27203248
96369055
55877839
96169799
59292704
35108995
78612993
83744695
81450909
71328264
93993563
91343829
25808605
82997579
14588755
85168654
31170816
93694294
98360321
64211208
85312841
94860496
96509998
58508724
70048792
36962315
44370492
93857168
14054325
25719137
4195223
41257572
74604543
12589414
89943722
86413599
47698408
68556715
70158293
29149317
39884978
64151855
73009497
18209935
99665785
87598251
3378588
30836600
33808897
1738908
47564159
71638089
49115755
44074156
30146813
71680899
33552823
27033656
18054418
47607147
52752793
74765993
41381070
79873687
87355406
31324792
66287285
87570165
52397858
88961929
16719481
92282835
5630135
89728977
10492769
5295919
29843580
66387708
88648870
16168828
20642967
36213029
87806916
22275074
32803536
70470080
93955972
66356358
97503736
12010389
13963504
2772880
86776381
7860926
82646566
26648138
91702069
1450203
14218303
44099926
90412131
83454135
88899112
96042266
25699464
51908233
1338184
8059395
70812292
89987054
76744574
91455259
78716434
64551489
66246684
11519969
87537921
12719007
77876327
85041656
24729395
44356182
87814535
64022128
52217107
70461100
43186617
96435527
71911302
57404919
93051804
14839785
93375406
81950916
10882050
19074869
33859148
64736585
79650615
57187791
7239990
56395188
1159401
85956423
73463028
67406084
49992744
61000948
80125090
27869070
46042603
57370837
24741603
33857137
73909316
29475062
56834589
17095932
25910588
81262242
27017203
18962392
96102026
72908960
53429659
59500427
44500180
39805158
24237012
24150794
96992948
83993353
80545981
98152349
22466128
6525360
65558432
72458871
67526308
98199874
327940
13568910
55570710
25069542
99942399
81996377
54544603
9293339
51608660
32971543
43071932
78625862
51933934
39173958
4051173
57879944
51190736
48551352
97685101
27944099
72702145
94678048
11937452
5764477
92830396
34403579
12289837
10905180
6862449
32332496
9105053
59706740
98417757
17192114
37292633
50876507
99188490
44353588
60169845
3313501
77325130
3241777
81939363
81775415
94932086
38506887
39655358
46122821
87058239
89856810
74066920
12276735
84534857
38520723
18041212
29881605
72924301
82847400
40786784
32303101
15179895
2408188
44526192
13597651
72116653
81818824
64474158
23821494
78688763
77160354
27134994
8530244
80402130
61590708
42822010
27850567
97595
34993719
73973388
87155833
24850528
556659
99432567
61901737
39077381
69990130
91783341
64518033
52837529
32570124
49337485
20533775
87494663
93863676
86647778
59611315
28198851
51121935
83432808
59403966
80798640
10567801
67934209
13717122
24674861
63272571
41567688
24772455
98266289
15541075
11928287
75633169
68614085
63877205
37534905
60207817
33867335
29318245
24725849
39221215
14404720
26579685
59754990
1899382
20443360
46402767
14027048
1158563
50041053
49976207
60562528
30839692
60544007
81013088
44556813
85218867
44285658
38640853
62507673
95068299
6698279
74435959
70701467
75312364
90829516
8236371
35520180
77213202
90070967
12762381
16434416
4475686
39342065
28705757
58891419
12301777
75108523
25434818
65976691
77665927
75411024
79055570
61021971
88471382
12585009
58095135
26206601
56870667
96735987
88714273
4455317
3434266
15666584
75156783
78746629
6496099
35909505
66783160
83709300
25980471
32061892
143715
82972508
23920309
28849472
94380278
88738437
56474346
19815095
54715127
86656625
95226118
86287048
47678595
83697499
98872056
5773729
9904099
8259074
2509716
98618372
12714390
5943981
66801307
40387524
37206961
73297405
76297028
56506472
9523056
54793850
88568364
62183122
90282709
12488672
43548945
84662986
1227108
23291
56994432
8458586
86679915
4736901
47261985
34358509
88434400
46134040
92648589
50854850
54393114
95158304
1989573
19623855
53618636
68790879
60011379
43341948
94604635
88824758
99848420
4127690
96134960
40933135
66310812
38934020
53421806
9859756
23597006
7165265
62399398
33107789
68140202
49079312
37844690
15402186
35954172
78795441
14052577
81119113
29650290
20962042
28793768
31639863
40585897
82412404
52947093
53113627
78270703
47551728
94454736
30635474
51679417
43106047
71568608
70506580
82040067
77506765
80366336
58153424
37188381
42765733
91261212
5328582
44361397
29105901
73247119
32831920
60417693
39816048
13951032
90067983
60778089
42744800
74224197
53880337
77673555
79687641
59510315
55944257
27239368
53965051
86579731
31435137
97071097
10664690
1941716
31627515
88171455
34824403
89780938
25359835
77590136
81042150
83204769
21951532
62664402
8968239
54783451
23082095
48784286
68734483
65666429
9562375
63995634
92406977
15959063
41669188
72094617
75469378
50129796
99333985
81950780
89225878
83285473
79021876
99890568
85227188
63165743
40578374
72567943
52946680
18454560
50158078
86505181
54175680
24625961
1685935
63143919
31925763
77284381
64444556
53176597
42950809
26523282
17172230
35357785
42482345
58841417
59968753
17951722
8971213
11819089
52418853
50713442
95104561
83957080
50604009
32848101
47122822
43698734
5416043
69502
62153294
8090472
86574682
16328973
32716432
40776968
31989243
64642194
18061348
96433799
17818791
13528508
22957080
87507372
1402644
65439424
46348789
61371397
35907497
7836353
73190485
88326349
11066146
68295046
24799781
61670155
53659498
71922602
5368888
59075540
71992103
20038533
67166011
11083137
36367506
52398794
51860104
68356748
17040987
22437804
17306898
87376129
35966311
40263978
74883501
89885307
58219753
73748641
51256703
46643602
34101345
76963539
87486302
45167490
97774936
12286082
59353996
51434433
84208684
17239236
63026324
8717138
37277768
82708686
19800274
73645273
35107479
24176730
94518373
4664818
99130885
11825270
92040946
87613547
4605599
19440798
77498853
62825352
93189438
81271907
61985305
79807134
58235446
49471606
24974624
56010381
14274040
36844971
59961166
98482723
54084206
22987489
7199860
91361974
5696175
79516486
17523598
93320005
56209567
12041970
97984822
55340451
76383592
90025768
95470349
80989190
9466565
72969202
96330893
55172355
54241108
58316197
34979488
64992905
60304155
12470463
73519638
74578194
1831786
33480803
73060916
55915991
8984643
32777127
47277964
14680817
64809964
64801562
60517174
73535882
29359883
58501995
81392684
58259826
48527762
76863033
39249016
10510679
2348586
88096260
18199385
56589693
46412457
5695224
74098950
59232963
70682039
47618587
33811156
72513824
33615741
59388423
28429814
42600383
44681901
28224130
9797552
9491865
45542043
70314725
83027746
27418277
28816719
64420430
85678103
29860833
41283462
77443470
40371511
43632047
65539729
11087247
52738091
64468537
16782470
79353392
23701499
39980860
26971978
57512654
12494683
60587718
16901076
93440849
55704453
61582977
21664978
65502004
23591193
19723372
35816728
59135290
47141648
64633446
23555719
32819750
47010630
17355532
10263219
87382140
13503930
28319300
50985738
18758373
92787836
20284560
98111764
16489335
60265419
77600094
74001988
72760102
90704163
43419416
18717302
46408615
57518744
40382279
64426970
33626288
12622002
243697
92761577
59763649
17393495
68833648
45099751
64404124
86189179
7879321
4302616
52209461
36198620
55288353
23484185
28986456
28089264
74112300
97992142
88354683
51712393
24510481
13631136
94932908
67929896
32348437
93857874
77964991
25247067
58284844
11591278
37869068
11044892
4352855
97632716
80954738
73186502
95248818
45358862
11892032
3128139
2177829
16617844
91843110
9982533
40102028
20829565
38071797
14214328
18821706
26426479
18443072
43332187
40057614
65892331
63778434
72406050
59750205
94259777
97653116
70551400
5851054
88038535
34112643
62720260
85671250
15067381
88423113
33436420
12942594
52831497
36564558
15120422
69449340
28407667
77619306
62067720
1753584
15691102
76282047
73091641
94633932
47241470
68940179
34691545
13133801
32718613
59613946
25400357
26978389
9783413
95951756
85345794
97821947
82580750
582406
36009549
97648130
89005518
69445968
63107075
94353366
58526877
30743848
63802706
39450895
8363154
25870425
41204478
24054255
54668823
14296119
18688187
1910292
35752649
5896083
67560444
68471261
18026381
92960800
47966001
80326145
41428907
85828147
78148092
24009657
86410552
66673992
74174138
27932421
88636311
37281213
22285787
47163187
20541412
38604844
86614081
28904565
16991620
80334911
5475172
71660442
47147381
24163358
26087085
82900029
82575792
93647529
3887642
602172
39124680
4369994
80928317
80553587
90198140
11592760
57079595
29125043
30783103
83770084
57057464
19419413
73567648
31859602
19098951
94109060
70464445
58229383
23013624
87456064
38564293
28488795
11632857
38228025
5168504
37719941
21128054
87744296
83883821
77532047
40862819
75524853
81902040
74307487
8594791
24616532
38416598
65674385
53741574
69199700
49444468
63315389
41135464
75528468
95174990
60234414
69637527
65639434
18463797
45167502
5611849
9544441
73656297
17244705
288818
31341152
7480998
73933223
71601799
43881170
51465269
64980970
71922374
85883660
39288456
80517164
10500191
30221406
98707900
16758117
99421105
668720
32589857
93072921
76197187
27764847
53307334
45834713
45920632
24287482
91002214
4048833
86348275
17174862
73809889
86637092
1032366
81290886
13086666
72634164
77688408
64551934
37615133
49610781
2951945
29419941
30127945
13452136
59641346
28835844
82726604
11578802
29504563
15316460
57168074
58218101
95597658
62991760
4052813
94034642
87279241
47571379
50599826
26143867
17262592
24409714
65297310
18294957
5700600
78383975
43445473
35905359
95452260
81060605
85516139
98404205
62996897
68160435
64372692
75154594
49512631
47099295
39249748
31533545
14932106
96417821
89751646
63046116
59409580
46320810
9597109
99205173
93892188
60196934
77865391
63671132
84606647
43162701
81966088
42823598
74063027
25411560
78728956
69515287
58988517
16761447
20435843
74501765
37438233
84808534
49656359
86950863
31907828
41422458
71000760
99356285
37840278
60752405
14918752
49766210
59589566
24515860
1487734
53481754
37229145
79353124
17152885
74352144
75032176
51635324
17175741
49095203
29563236
48421049
71126841
88551752
17698847
91562683
63053516
55137079
76371216
65226226
94604294
60795395
6648683
65605053
12668031
97005313
78873809
27586783
46771522
38463374
4618994
48259255
91945127
41848139
80128730
61614363
16200282
55160906
65766039
85892374
4256108
95329274
34313422
75382948
83881025
52012268
19461982
99450892
59665699
95833197
64677118
54269992
56628591
23842152
19875044
69296621
20847464
98748852
49399755
20135337
37212225
54018749
20910943
81673704
48383239
1039673
95804418
17099872
56200578
14086808
2992245
12973037
9416081
89822019
88355984
45813457
94350638
7817965
45264349
54016336
56167513
62457818
60802679
65312455
86299969
80677722
87125427
59663785
31942925
36525182
32315473
21671502
43060282
53226416
55861557
91443520
54266088
4182326
61059743
62983017
18269134
64051987
75956053
27685214
53874005
16828388
73498671
740995
77162704
71279371
54757330
33330216
33737188
15560009
98642670
72553508
48754082
85768096
84733644
33213359
74809629
17049117
7401212
17869910
70275532
63262768
61829781
77057971
67445093
22889523
92557339
38230578
86941510
68513391
65915792
93331866
37858130
91930814
94072860
15020833
63210184
1346542
48351048
49463723
69422902
99510069
22017230
70693335
85278164
59267226
3906693
60087793
76316342
63824256
30474054
99108225
27087023
92303835
28682547
47048468
15193357
21239885
85279045
54651218
42269627
3711188
499436
80127756
95642001
47088647
95148588
11368536
48435188
96015987
60832258
70374441
95526055
35365840
41067776
33320570
47149417
97490820
45924714
23465758
61315076
76398768
22573982
40918450
21218954
3772880
40483269
36412310
25012764
78278666
43579880
67282390
81989853
44079315
99926497
30148206
43684313
95075084
41516741
44635853
43607422
54865351
15010293
39133476
42747542
56078068
24970397
89896958
6085240
70895111
65879067
19916667
47293878
40969400
60835116
21029183
44742279
1318385
9957844
69755042
79597050
53537723
89553783
14103254
50133389
89480279
96767811
93817702
37071714
90800904
38453554
80679135
45666254
5980198
72328962
40930147
14574618
97299358
83343456
20659857
20710820
49222522
40576523
20521049
90191921
53927990
41550231
34934199
7762726
51508075
57205592
39876127
57562149
99275726
53979381
7695538
88756004
50747191
54029591
78344069
41548094
44999496
11539555
39730699
50979693
36384868
33177197
18070662
33684225
16520652
38730518
6911397
65743173
31823392
27432445
8451445
85751382
68982676
95901995
93514107
73007102
53107586
85906586
30569250
52383311
39885966
90781139
93655666
43149508
44810729
24516086
37213954
42326576
36055640
29461004
45822621
72440507
62638201
63893282
58641084
31675204
2623800
65552480
49934729
86963543
45501276
58386173
25231276
67000303
6804520
71261735
40007404
59912105
57168320
70576654
64811768
49570637
61357792
10983785
92720144
58684873
88016223
82450449
53527800
24071862
64427805
99350420
49028721
27066005
63243702
60186156
11257560
18383853
78254987
61192288
57863747
23756262
19578461
83095023
90756565
26382980
54356757
30763968
38811436
11525076
53856973
56139555
61095712
67731117
19639692
6332207
78932341
7655914
41299008
32460140
84244127
5726812
31810560
33272847
85309168
47570613
45975354
96566727
18470817
24230340
57759015
76334563
502954
29853827
59429585
91259518
8753158
13786341
74539837
47564593
77827768
80913162
56220500
91439831
48644278
75860191
97772038
27576618
83516104
91587397
12553109
20276582
97314208
96880020
6065781
82623375
96966984
52041134
79190101
15437800
76271474
36949115
91772363
76774427
66802941
3718299
20550296
28072450
70020992
95090132
75637043
47848759
76003293
84373894
91804942
77163922
12750436
89576979
57256891
96266539
33680727
69810000
69059472
30994934
19206371
75125252
13618308
16173355
27166386
45324760
84127506
55954211
82273875
28416220
85244989
1593167
32134519
5795284
29665617
54671862
53401767
57819011
55036972
81921412
94709256
46841913
59085333
7459691
88935243
68858576
56242581
22615969
91184927
25302052
53610902
10391297
427304
19745561
79081003
27593689
65070321
63208509
36064251
99860547
91624728
21309239
53970065
76275598
27104522
36152033
30947459
80506288
46487395
85984431
14944051
41196650
32826343
74029384
48656340
21761586
42887959
57415272
44377554
86589237
82717324
50504808
96980533
35660979
70250368
76061536
15771019
87837040
91786396
51835269
87697586
83411123
73144507
94184003
12203073
249028
30336035
43150531
33271667
76823430
81651313
48215718
70536431
14477656
74761453
71709123
88755593
70165763
29124394
85649498
56754999
64358069
36154305
6251883
19047
58921025
34829770
15790065
46758064
26616165
67625333
86972002
62543640
93286191
81156004
74746712
46051570
11492038
70413594
31839589
40831819
52064907
80055306
11368250
19058914
7333110
83077372
7814506
77498872
64718117
45980355
86770222
29076186
34651012
93022104
81611584
93572036
80368226
97401649
92846451
59500742
17543333
79818452
22044381
63345876
60974455
49307444
9397445
24982845
19721038
41237033
18331015
24302296
73808690
29699264
43361209
81141799
65292987
3692066
11157022
82527456
2188772
50443595
11603641
36839783
95982051
45731576
30411818
76350276
95649576
23258269
35851017
65709261
55593072
10411750
29055136
16567527
12235545
38452580
94066723
31956582
32205965
12397737
8775229
6014654
94613353
4652789
39672805
12422691
60861206
3346178
94950146
63049978
6306125
59070138
99889760
2288175
4801714
82817930
31154802
451289
58592550
19522170
66160549
14185621
29933919
95215684
83269499
42169464
86184616
29852573
26642397
18390580
42250310
87933978
76921585
36863662
92586766
69110741
49286352
53447972
72456919
96752850
69014301
31279395
55822987
21420412
33567569
60624700
4238341
17238722
13592341
62830890
36760891
32269241
29532863
19211162
80001277
65318713
13896977
66185892
95171286
93055725
37092823
89937947
80989702
14014407
26801608
26092820
35641500
28604311
32057143
60614770
77873512
1071443
91894164
33696499
22491854
77978084
46837550
79246547
95216805
60429890
94593788
84494047
45215483
24126650
3705208
25216759
89445363
70118536
91402650
37133000
63174261
81011824
27070946
96680314
47542582
6388905
22773133
83184081
87509567
7346627
43798850
65383079
8418069
35693013
99079577
83426275
66187448
98433478
62672821
61404252
11379720
57266608
45898299
56595202
33909610
2119858
81811960
23354972
72238394
25730961
13004323
87929006
6742784
40075268
84609319
54285365
46464172
59898804
89985798
33973738
67245430
33784647
51873168
75663499
21994012
50952744
11606125
88181459
1902574
74278945
2102063
13282293
31545552
516713
69877494
65455161
2636570
51689453
41326484
74874963
29936765
54330806
15320320
36679548
46922425
99929639
43481264
93386596
59828442
33467061
79876686
79590223
19768060
31749853
7770073
94278423
35218949
19376197
34976233
37121522
93655141
89594647
50403814
77717045
90111359
72797659
95688557
92747929
24487111
89531393
20139243
6940227
43862198
35459563
96136126
90784623
87905553
39617389
36687570
250346
25600802
16564255
79840568
97885213
830460
87610641
44679987
36049408
6986837
32172571
73170929
53158330
21767218
76091094
30875374
11878576
48888752
79080282
57142856
25892214
68611674
77282099
32832440
64990224
65258013
28968565
8291198
5679917
21102305
44978767
5930262
46703106
14059374
85770829
97104670
14889833
25897821
41784656
3455592
85401010
26473579
76626520
38559339
48240796
5233965
21951064
12635723
54122716
53547697
69778579
80014929
22159371
99577029
65363720
87149594
17351393
94332284
47957143
23031309
15434588
92935909
28961570
14654046
59511634
67248750
11758715
26917818
45662923
6059723
30373409
31063932
32533301
59516280
22139622
33290448
64750244
96607037
98442522
18872959
50154733
20737452
51404239
24830455
20314480
16767958
64496400
90182224
63616593
12453542
65729884
79051181
57905803
47207805
46221578
17417436
14456555
10496644
96851606
12635829
69072718
27225014
43699760
54122370
39257646
18355733
87412817
4007889
14962769
85855339
75397200
17633853
6592790
79317790
42464308
79423622
96085748
6960707
22122197
12218692
71930601
87852081
43786224
29836403
35059885
90007801
99770190
2032791
53020797
96621795
14668619
22093514
76363161
10884730
76215884
68137158
29240462
16145052
24661398
96719582
54516742
58597
14353435
13625884
31892739
9334094
45565857
80494838
16294800
20204405
92713529
88225400
8056485
36499753
70578154
95632722
26507553
70348344
97665512
32044701
19486490
64850483
54138215
48366002
75735212
82870450
16503159
57492026
99015501
41164557
54211607
6048595
93739505
21081393
19674478
78148595
30415486
17756686
58643432
46710286
37961090
51356961
87452037
98533927
87856713
10546543
94166648
66880617
80894886
44348511
98925318
52897727
9198993
5579884
53780081
37450557
88450333
22799591
94942582
39982185
63964147
1670540
46030779
10220004
22751933
18221608
40884950
53167418
88494645
99528382
52394055
26455735
3401694
39846092
77506013
43774758
50392634
71672660
10655374
83803871
16021170
62097043
89217949
77736515
67676926
42998029
15187071
8643610
65797620
62646004
48625795
82278118
64316543
47172925
45014473
87068475
17910885
85899423
92752245
58921881
37944156
45146299
37893967
41345849
37508742
15399979
85120606
40417727
87072638
95775979
24221597
55610160
10389374
65955898
85863026
30582651
8953926
1050096
39226261
27267897
16212451
40368407
9546015
80528993
40057683
7076839
20113820
10484919
92976261
12866064
69406800
30920416
10528714
7300766
24782616
48037456
75217097
9903221
88455182
14806086
58195552
65193131
22932597
68584925
31149028
8795622
51683927
92619305
9845717
90910187
19887202
78574519
83794945
81949568
59103512
23852628
89026406
31733683
86853898
34519019
44599746
56260697
17955786
55128459
16077815
95254754
55682266
43811263
5157974
44137448
58617348
63353525
9330578
81549945
84454801
92995957
90345566
36138728
85615261
52707635
79565266
5502462
31282153
63360211
39968381
42902016
39729190
81511139
74635698
26583087
68546509
71751795
35360136
39018646
79396606
3954302
34273399
35078871
47765564
39431373
79216318
6382911
55301249
41063247
87932855
92272402
34059203
30794773
80927481
19674464
83502407
60492746
77693277
67300911
76369308
70178010
10202927
68614849
51689148
37354976
95197936
20235656
9106771
83074423
11770653
41019728
87028724
46044052
76098598
34794287
85475424
7831268
41177197
93293024
48894514
81626404
85565425
82953717
12421176
66492905
55144532
48439934
79502003
85354160
68257196
55871310
55532169
30976474
24486159
59737668
68331450
72200446
32489675
29954572
55274868
44260328
70974299
42303591
90304379
47072896
29614229
28296154
54904163
70791425
21589177
56315029
4934180
7154602
91785097
69871707
26163858
99445980
70827992
5665860
84800139
39085188
14053522
92848660
70061661
91056032
52586327
38393110
15772829
85076002
68347681
23564048
81852681
91838331
65867638
72157059
91427579
47998218
453212
46331741
18789642
74558740
55163121
76240174
34229693
46948217
46111880
60393551
46394196
16939872
18575762
83710687
56025059
85145635
76559346
78603071
76201666
29145672
16996181
44490846
66738025
37860213
68054893
48590705
82214896
86438882
73264115
73642474
34437099
26233678
72490566
5743093
792418
27653687
81983266
35022110
74601903
80611497
47932012
73512451
50067720
19024126
57223137
58609130
4169760
33782482
37212201
32887778
15444505
6724733
77378623
34698882
44584945
45433516
35805938
79316192
31872397
9070053
52958665
18825848
35303730
25449231
24568940
88612499
53102917
59068557
76150961
80221171
39680053
24082972
53733621
89747773
43107097
10956757
48356902
47276857
44739238
38085454
32680986
12700095
44810186
10059608
47398976
41911483
8009475
83204913
21227674
39881872
44791317
74186339
58707719
32611399
99635569
35793010
21223897
5254837
94861566
97374857
85476007
34541618
73974181
39209628
76805742
69597629
2682736
25162644
16874485
47421974
15764449
2071822
12638420
60574635
12131430
60037395
2486117
20140904
95758659
23713790
12539127
93066328
97900128
23763197
25677726
50052048
59556206
99417974
55306884
54417771
49309183
93299243
41475741
23283363
32508870
18281482
92880991
35191605
95960477
62271828
35129930
11724926
64343649
284701
72299560
28991430
12838447
27302028
49132334
8597106
51015817
14187812
1663433
1432297
37951009
79857510
4000696
97507214
79275483
11823932
4441337
81101017
5123174
45917077
4384379
90148395
16714910
49781722
77856351
65191739
64569901
65502633
76916664
81429901
65787333
1732575
10421331
78625780
29034602
12070016
39739237
32566770
26257827
41402669
33999066
16725187
73776530
37999762
66748753
5568364
49823693
23706441
86669381
7463218
22139869
43570111
97611612
38854778
45868184
75467962
4046516
10438084
40970594
33479531
44384337
6757927
87728457
54805667
37900058
69279410
19392034
77639294
1846180
98166212
71558314
35845245
14891399
45334843
26361358
34156503
50903206
28701402
57862943
37572586
36164619
80002811
33659049
86292582
71373940
79527232
61760544
27936808
89965316
55247489
61416338
34349652
14521767
1661147
41671670
52421824
70940556
13580055
30061117
72786735
11746266
54135782
61148332
79154016
99470624
40026041
13310518
50373830
68727443
23689812
40462767
57408413
3692622
74121815
43700995
27582914
53649047
57977890
55519721
96130714
13225378
69452410
82996717
80263497
71113556
24668386
32685320
42054112
90764792
15262789
67357198
2511057
69398570
28505529
81665073
21385546
21047922
47491942
24275727
89775364
71181754
64738493
99700128
27390727
91376660
95917474
54973640
97542058
53895363
10493360
93672771
19637093
32462122
29185839
99900589
3575677
6370576
85102260
98146140
97135367
52881400
65503338
99646423
74796322
46525218
33827847
96181867
67573139
33836141
72973945
9864854
57534246
37712437
62081334
84924972
81605448
57998807
92414964
79147505
64410522
55424675
25336627
84047614
87886796
54522465
36464554
43978825
60893040
74083165
42124964
10544758
79480917
60144653
10191181
54277238
59186223
96535379
2975456
79275713
30371519
75949400
41656919
40422116
66178188
3738252
77863440
299988
14253410
70278403
31963844
78663931
78219429
57300471
15227896
66106225
64339287
51692449
62601401
77748679
78291966
4726364
88293436
57772882
17387369
51000968
64566471
76573591
47536347
20058278
55849303
30424217
48524029
97506221
70846333
67218568
53760824
48709772
67518555
68014234
71504526
99482399
46678164
49723954
9299221
61906060
68346530
26154859
66114860
30947930
56419889
44406825
88190646
44713325
54696058
5578014
48230644
71778880
82151604
95766990
91837157
90517258
78707559
92877537
88023479
2070243
60096105
41784302
3296366
80131011
62314887
74800891
32129761
8993051
77041196
93945333
70899110
97904078
20100192
89530321
28852007
29036432
33937146
69559004
73749756
41149555
75137017
21980400
12928435
9804972
70263741
57281943
322230
1487651
50159480
40862060
3557893
62771936
35162713
59370610
95419298
97477600
34171500
27549059
6470650
63729048
74010743
29886111
61633125
46627286
19416431
43001483
75663718
5869928
12560487
1929825
47019483
40213855
76426576
12464269
50018827
46690317
69746211
50341056
694319
72422042
43719467
56768564
87710329
78882179
16139173
83129627
28876130
2827025
63195037
87863131
66556072
37205779
70265593
28189196
83833065
89682024
23707030
59496782
48068303
36267516
13942958
47604137
76481371
90369534
12584757
79016549
89576202
82330968
81873956
90270520
7269361
25593422
99555435
94979690
56991952
15694608
30625668
85868082
18521632
93820704
73731212
37594055
83542834
43996805
65783250
19892250
86195180
42006631
31905383
86779834
78274147
45848341
34383971
7271869
36217874
46968727
86288417
25794075
81816046
68162372
16064594
41601759
93755793
15620029
89097800
50747744
83830988
19723467
89132177
54868971
66060522
62863389
92463025
2119707
6860193
10762626
22011957
45571724
52769256
53917339
32351557
31043402
99765679
19251879
90831622
35983552
18736958
77120038
14293978
553003
97798761
82874924
94671113
44070905
98494952
83768912
47335001
34842291
56008730
36467177
89711261
74585603
99330565
82174285
76705310
58707109
92936910
51233618
56795184
98222517
5150956
89146741
29265919
57432987
8398619
72613892
45932890
27135576
49733930
60226868
80204931
47532690
43101791
74876043
44119947
94113094
11161307
91454947
81471736
19686388
27922123
71182996
94271991
27252688
5873632
23493652
38476148
51326893
74727269
95271332
49549409
32394576
36934424
31331679
89827562
45333042
3945571
88276804
24984970
6195852
1020023
57706252
6244893
44121813
85098646
50364839
90751258
96259952
41819785
24739345
15946340
69741908
95922340
10218330
49510947
54312323
86228333
87987094
5639215
60955601
35774777
7704975
93350176
72709200
39036654
35694090
70558594
42982224
23970893
48059915
49178075
24990915
5766166
55422967
21629079
43381163
5787806
64896688
39641115
123942
89636032
8103806
69865849
38074723
70838487
19376795
92387045
57066819
59880241
50542611
18022419
48171369
58247585
11372594
73396921
49800590
47066683
96471866
92782813
23553927
97048132
94477239
48544841
55330649
2416558
70173919
98711811
60720715
35070606
38352925
60844656
24706637
46456730
83226857
62781359
17295216
55120003
7684755
74362034
67516595
58227365
44900804
15687964
68991302
8789750
41601236
18791891
55856432
38073101
11574704
79410359
35121232
58568294
80471551
90451880
13501203
50645470
89163690
26738269
38232427
80032967
87582925
15455416
79006048
23326133
78236774
96301264
78446135
38437881
23179649
45962730
96665245
20596805
14167045
65656546
29386554
55768280
36964789
85242985
93841380
1055844
17169695
81478963
59624137
97641246
24447194
25641692
803067
13610883
52379960
39035493
46160201
92479236
54490908
25166249
15805368
85244034
21467512
46767855
23681914
97163512
45246936
72863510
17760316
59413980
91036408
47146869
15182259
28001196
84906206
61539990
29057039
54592252
95535304
41197527
52233497
19982497
66839218
5552915
86109731
19219178
44588408
32269932
64214765
51595667
57436180
32536485
36839700
31420043
79304339
13037965
28583554
24551274
38417827
98860222
83965253
29454234
98523442
51663863
9971781
35945999
65720204
39028819
90538251
61255507
80226345
42771747
33754355
99581915
841014
19864085
71317444
45429421
52134016
35532208
97025087
9570195
68068692
86381139
93506589
47373030
99419103
74606495
24440655
37836929
73466716
60922259
19807514
24506509
12586121
29779294
60452508
30822676
21324464
50990758
44594534
1550809
46278856
78348888
53649075
47119869
98212973
24966518
45065641
2863340
13015077
42090728
64949887
33600121
80988218
58456475
33489502
32923672
33062969
57930157
70760601
59046036
18852415
43084466
83552545
83954888
72863760
44005052
14777563
94188223
47512161
59372097
48255383
46307368
37720984
1904457
93427237
88450308
79387326
38492877
91313648
92402403
33099956
8779886
26002523
14088173
67236360
12008376
47011845
299329
69938532
70288797
11861716
88790947
65889614
95414260
72745834
91269725
91935663
40039748
85457948
91964175
99411844
86229682
38271543
89649180
40650491
31698779
78099487
72554168
22708007
21929486
17472922
8324315
83225723
95991796
22412487
50462083
8000172
21940683
3277763
77938703
44745831
15139478
19246001
63151797
10553738
44508186
54421521
55005752
84547934
39879468
46969927
36476129
78625502
85241469
26125308
19275992
69456599
56741147
44346511
44680957
31186984
61819433
53005271
14412707
57811228
75417758
64874789
65811399
49874792
20668903
43750102
47136975
35808380
15512454
10288771
98878469
60020640
64710291
6400573
44568573
57106111
53370499
81044701
35731612
91128319
59686361
7523955
13101269
16427507
51870465
57782225
47614490
66206249
10787496
14543548
24017477
38721605
31934688
89828875
88596396
52603590
86095328
88249722
88411970
1607782
51054844
39806790
61628421
15765135
46207362
58713345
25387597
52094212
39758045
13635560
43222530
99444405
73675866
56323798
68388263
78062682
14106023
68519105
44268931
77409870
83062652
68286407
16131474
14997340
10631633
57244221
20117281
96726961
45493943
61045602
98334742
96548786
852392
12479514
64830272
99576105
71192858
90217868
51670317
10950902
56369779
47409198
62911659
30045644
56249348
83816273
8108326
22871722
52335377
52377256
281591
87914381
73180014
16413064
2911720
83811646
73657284
23029000
80538606
71667578
84074602
31389699
68216364
37443345
43869212
85562987
37019449
15062069
28297207
88689765
78529323
84666985
88615315
93957333
67228981
44864662
77773605
75337306
67736383
82625334
80230913
68017973
70539714
5927278
84431036
25967785
89738923
10604671
1513136
22793881
82272249
85587737
54183579
50488612
75547433
50569143
88567950
65083234
18147563
16865156
6289350
96676885
1532141
94904664
43150569
21277473
39769325
20924174
96614778
7505707
3549507
29362042
28040031
26605572
87805671
12471066
52573356
77544593
23075737
54086491
52854825
5347985
92190580
7038404
8352948
67738012
10123898
96920897
32821245
28271460
66302405
39110595
24948345
20350897
34015258
20615265
41628369
26300935
41539438
90759498
86322993
97605296
72637891
14363024
76727219
60443561
26834089
29300574
37988153
2426177
83387065
90842978
60290513
75577644
50397733
21159812
95832007
60521630
18080709
81169604
41309441
36899465
72796550
18774137
57250361
6811807
39389402
98878729
85629093
33445191
42154578
71952086
83566839
14792468
86315109
60294057
75236028
65665549
89594631
65740532
68091726
25498047
9099861
80898590
53592042
12013945
2058402
1940400
25051926
72655462
83110003
66361367
9554926
55906552
85135503
19321638
15234711
24524904
70716718
863803
10486447
12871295
72815888
94053285
27663762
11647348
54347341
55416141
77312897
96458323
73673024
97920974
74472721
82772885
78819563
28064762
47303181
80877964
30005162
72355107
6049777
13115164
91232825
15604702
21538068
76368327
34926339
36772778
53409583
5643056
90152932
16412381
71030702
15485172
10465665
51210815
27132519
17329357
59143307
56961767
13787680
32816331
54882740
88260400
68105567
33702303
68841514
15408747
67096618
51363027
40280205
73146395
16994542
31513029
41267448
38532609
60397708
28710139
27821738
66323642
86869546
17974670
82736022
57900248
33459841
45718038
9111062
13108711
63047394
68254369
70070478
29351425
53587051
24953217
17611825
21692617
11171871
38969690
89617715
30784841
90332716
82414272
56447587
7327257
13927300
97715034
45859866
26841359
26425172
26197955
45681352
13294718
44172624
80933725
23711317
30148816
26651762
85338730
43257527
89699156
53593098
13328004
19050580
59696500
90797572
89178756
81389116
54485795
28148445
23523183
37786987
70997512
5937454
94234573
78324769
72381105
44465958
76700986
51738816
70891130
2898940
97420167
36702199
99587916
78353892
12929867
29736731
57522005
98268596
25510609
47221160
4378046
38838612
18788092
64074545
82152536
60483199
45463661
89154682
88631644
21503195
26941668
12145507
27440648
21176240
42986627
99821752
18158549
19687612
51560567
89049678
75102904
1497086
78268228
74690819
32367329
91198094
56943901
89889333
41983042
82454510
89626845
46361087
73809473
8414936
10435631
8478360
68898134
8415643
97633041
10046129
29918837
24574708
74707988
9875836
98267299
17694614
9697588
16425848
37382226
13774506
57991877
65001481
15271591
88776457
92208651
47638919
32490902
49152551
90044604
74473943
31607060
79671448
73351381
57932885
40602735
83787012
66411244
9500868
92202654
64044285
72063349
74637843
41135344
46771336
84513678
91918995
64465949
94211265
60861194
54364526
60502123
71369422
19366006
28290065
12662230
64091008
75928984
45153132
13243559
18489939
72143426
97366970
98161386
45494807
55299854
38764120
81798170
21711098
781339
74000823
38271734
72844687
1155017
31923429
72132374
85668695
76358775
36598323
32396311
37219968
43479200
92898433
61105742
15361558
21188498
73767971
79452565
49633833
71437454
92696123
68123771
43580880
42579445
18801508
41592038
97879298
57565627
23390207
72106747
58346965
49907381
10378480
83708004
51062398
94818261
55840377
36731092
71177035
44955051
21643754
60913355
40950603
14542187
22019096
56312160
88247036
95787066
88281076
90397220
67224520
33493551
11037342
63321751
76072995
29838849
4913788
26468644
39920827
80820346
98575391
98267791
30727726
61470222
34492146
81790123
56288482
42848875
71037566
79981869
87803925
92681320
40895223
81270879
59739858
62914318
90099390
503245
11217735
78380466
90900464
78442254
11874016
54454157
41764004
87947010
84293005
99194143
14415653
24213831
80014488
65507395
74997973
63258566
26977617
9490119
97565040
35782450
52338993
68602606
15764318
92659269
13800277
9175892
26446500
26056486
72090209
16545889
26559730
83307944
94926354
69976545
14266549
59316721
24430701
8546905
47263730
8723705
60257399
14195735
85453887
40271887
32219481
60451859
56046804
59197097
22458329
53611843
47495899
27313673
74730800
63260216
72489294
41047428
72436108
98935793
67103913
97042668
15481681
93663642
32866963
62924387
63640186
47133512
22241107
40587238
55680416
22021189
49310942
15937814
88733275
87281180
8726052
20952755
47733039
17289207
80149852
22707719
70901050
27645750
50021392
98148201
43422317
75027037
39195629
68374776
73962829
6299541
65417444
41960861
52479535
98284406
4885247
16119720
97934269
79642706
9223310
6131036
1663894
11050603
74585202
90397168
98331783
83311253
11349922
98581173
53116812
44016125
21288891
24017861
24178226
23826634
22166061
67600543
98853670
61361689
88491670
25332850
20177582
6425465
67293711
72657116
57226223
24695309
41293187
55160491
4338014
50516496
61291527
6001907
61567099
35876728
48915426
59898881
71704332
60265348
58480053
24821143
56797824
32285295
1355355
80976050
56111929
76037768
1092944
7481950
37399456
89584613
32814800
10093389
96010078
108510
82750504
5752652
24803818
24043691
60913142
29141832
74560186
74721020
87660090
88643636
10597747
36575516
48542516
34818431
96840863
59538920
59639573
6155038
91824215
60994928
87131087
452495
37032695
88224030
7934444
26948502
30324995
93265595
89558243
78851424
93374104
72308746
84604075
70694274
48868788
45517216
52352457
75945326
20238236
40012546
64588961
83352334
29104413
65647829
18170764
78461627
25186748
30326689
84616665
69527314
43837968
71747751
22496160
33387014
12488133
82946956
12851867
42813127
76212550
2410109
21664550
22103006
27235207
6268624
45313631
76103994
4302191
97666087
52049319
77056778
90194984
69154632
12925464
19299397
34802460
31096227
97761023
12505559
13939267
82377687
82032873
57777234
6641790
57045384
43680599
19129922
39992339
56532466
61943048
68721241
11458926
36123949
90824246
38694132
94908924
88654228
14798126
99211114
86320314
19363796
28784244
29031649
88518427
41709707
847397
23320886
25322285
98608420
35826445
39261552
33502458
70375669
97038785
92660599
79937404
93235736
11790520
19929743
49768201
26249919
41167335
61227126
14890219
31991580
99921258
9799142
20645807
67235735
61526608
59482472
86599530
90310851
41030472
75117957
32020557
41877869
98438842
57342841
93002640
86781638
49120744
79021449
9673658
46159529
71682048
89611062
91911616
35988919
62057156
41679816
62238838
3224490
55423293
77129056
87732421
55344550
39444550
60894579
75096636
971157
20377050
61696166
91282007
61407521
36814122
75818915
55801741
87769315
33161755
48804380
27067305
82282499
27825829
36740962
80958379
99507876
78868375
25386346
88013146
40925530
67066161
50251983
44150019
22489453
79897391
31882439
30350355
19341940
92777017
57963342
20313096
65670418
19659507
64111454
79594291
8989980
39930368
35396031
96759295
25608474
36716763
23826599
60407324
64542591
13083912
93882054
16566818
91952287
19268399
4579963
32877816
38850911
7348298
29544187
13856716
39762040
13942977
44207070
59103979
6719994
2170411
31933426
24906763
74346270
48561231
4501053
83336249
88491598
92413436
32611895
66616423
29130198
8954845
27023747
93672788
22038757
73422152
62755957
66507395
92690551
67335919
51901562
31541461
74684216
81445748
45398176
66962607
95388725
42121597
26066585
54625070
96808360
10516362
79531832
71154629
11593944
36549237
7007229
52601893
28962672
39619124
19218316
58092869
48573968
98758414
4282008
23129076
72180565
67037964
89636470
17387467
86890234
41538032
1445280
14090802
75500131
46843455
81053408
23405207
41481404
59636345
78030276
38289763
22669058
10078460
61960743
34263002
46627696
21484323
86864894
28106719
61103446
6083209
38715939
9677414
57357974
42997946
32806489
29538539
62552261
74959311
99442357
49442494
16497342
887636
63533295
44513824
247443
97103055
67919031
41728846
56739399
45949306
32534960
79408456
56027765
47012054
13671457
55171812
68496376
53052703
83278530
29599822
11652263
21994468
91793587
69010237
17508765
77116427
51065127
80061025
4592089
50507483
82019871
21089430
3911471
45553165
18119606
4158913
42656219
86038636
45887758
51911969
31987941
30939069
31320425
40532058
77951122
97508233
48220221
46447497
3077287
31498751
28563670
14729550
6009570
72873608
83739786
76034687
2506387
34804912
56095711
7098475
37828746
38115581
80704257
41740216
36185098
98823862
45899128
31357668
84862497
44303237
35785989
69366789
75242305
19622765
62415198
5709778
17130997
10635419
4673627
20208284
94650521
85753648
34937833
53176442
11143608
71193970
29211128
13649994
58515233
85306839
73264820
96343978
75938771
53969076
90600546
64640220
5309289
89016025
95997888
42688137
85835614
31783876
12054926
13594270
51406640
26986475
19304048
21053988
37621893
76494026
93778623
84788765
62247673
81232807
37965207
73391280
52426776
67176334
39557625
63458360
4999524
12822445
12318690
80938295
19307872
2919235
45578514
24617161
44451611
94092753
67305297
30287224
78392980
31876574
43881494
82315971
11379401
15701893
55886311
49001293
44712270
2181285
33790058
6959942
83414092
24271616
32867574
88357219
91447949
72425198
51815579
96447473
85247642
64134268
29902119
4555514
19569854
27996984
81689026
64021464
22089737
1510674
46825040
52999068
85903600
43222885
87831391
97283000
11441129
43717701
98800644
56153398
45898985
32590701
63113339
81829428
56862316
95980912
70186647
826617
20922462
74518577
97274089
6170103
38652844
79692559
63241968
10739049
7689542
44930993
74760512
82295630
98958019
74101903
35294698
84861618
17324787
75642440
82144617
28765915
71876492
80945260
84919312
17775476
66052313
549003
52121256
75430980
49046266
22307902
76257596
69968727
96826478
26048036
28655182
87995673
5740594
91897149
98734721
65946488
89344494
26011584
48242117
88302512
113487
36053166
73164129
17438273
11695605
7825097
46204188
83572096
88770356
83639851
53863924
7339020
84188853
58501531
82770000
33235119
80809432
11543947
3203845
30152261
90108335
31859026
70664285
48365280
76272527
69399005
14311767
65617020
47926940
15070236
6435883
48040426
51123401
79600011
17995051
15335358
39941459
16715590
51423805
28711814
355440
57804080
88567186
37060645
16305610
71337185
70295763
49631393
35397483
26015959
79783653
25505817
10391337
2964289
26387449
86663863
24879645
40699215
4797234
72806585
55769450
11233116
20847010
59409203
43349478
38842060
74744560
83290936
55557649
78684716
64519101
8429441
36488796
53086286
45490085
52794405
76939822
15785847
2425798
12337305
94318157
34725802
90359473
4709493
37690091
69263273
43889707
62569735
9962488
48686940
35376319
18248289
12436407
8739681
30173843
55785884
98092
57434754
39076819
55655741
36119470
56112272
64085181
72608265
9198557
9575265
77919021
86138379
77877463
80344818
50992035
24711971
67586972
93867859
29421464
57793414
63131132
25827522
72879500
25609971
27030814
60772171
96374611
39467220
69511851
26548454
47769456
69609942
83983207
39362626
77782034
72619028
95474897
94383566
45227292
4673454
56475182
75662665
43328184
34352644
8523834
46836570
59064615
76110805
40704428
41002430
33904218
56351911
66829951
59300070
34478233
93860764
20072240
30852844
85844336
89584090
57401297
33613791
11710383
93900855
72976416
42008769
66519883
68451313
36392334
64263526
25641118
92867516
39926190
68969301
79736511
48450024
68322222
91317477
77077180
61543001
84836258
63497750
17894912
51666209
22797819
52373144
98043324
42870058
83225987
83887659
84970499
93143635
70017801
96680881
39560842
42994217
91206001
58597076
63961881
27598335
75376953
89602998
72982202
15303143
11088650
5235064
16269518
79410871
96552541
45863049
40953871
81388798
9360798
58848782
85571358
32158616
63738278
36131034
27545025
99480616
72535044
12515523
45140603
42552845
61712756
84701444
38063413
52918756
95814871
2025293
33033442
71191823
91628290
6015643
39011317
2716939
11250707
55280834
34644161
60319599
53660235
75598031
94224748
63021032
86963165
32312458
47696000
50701442
68443491
75241024
2698409
93494886
40272899
47839011
36047730
1985654
32540454
74111142
7420761
80871676
28652786
40454203
52063499
20281075
98986197
91074815
75514365
62753255
98872001
10158525
75589205
52532235
85756556
69813953
68069618
72719720
2126410
15765617
75937513
23086252
91006641
78635921
16581137
31279539
78991284
5145219
85781544
64048089
31772712
93202304
44919765
60425498
86172858
96983263
33222924
85159055
40574429
8737289
428661
91962781
18895813
76017866
44495015
57168720
98348170
12564633
82404791
52990931
80846601
10858655
28593534
71853241
42010928
45174670
55649131
21002211
2836240
41430674
85050299
87125304
87149330
29970063
67153
73322187
79469677
33290076
10997593
20044106
94543716
63942606
12006886
65955881
39960471
9018253
23124600
90824992
74099237
58045743
43815922
54945837
68904397
72409455
26799078
10915324
70100476
34964560
31917534
25453068
28911586
69484185
65094723
16060915
99454247
65161875
41899453
78923924
50968302
5413398
51484381
45512018
69356003
16007618
63984250
61832825
25025870
39625201
52657816
99125106
97670943
48990089
54070943
19091692
73915895
33386372
82523367
96532722
20867283
66957253
21985789
49778868
36441437
87080511
18356134
35895683
4758737
12771939
67335958
55727039
18185336
71336690
53755408
87541338
87344308
17739657
1890514
12370177
9881209
7064681
64011635
7552152
56054769
70598929
79160195
29970663
56501652
61683561
26503384
77368934
28640813
1005525
79664154
65082249
40602387
98020287
53494284
45361124
10792225
20830241
53604514
28977560
44683283
59876273
69035249
32027590
30132281
70925762
96914118
40013489
77990442
60925752
81992
86561562
84041032
79242186
69048576
40542683
40925747
48068312
17911617
22082911
1590188
97575770
87165160
42192574
48112408
93175795
40070049
11420985
66522387
93674562
40398544
11205669
53550834
61950145
43233258
83683114
85392258
40147376
76212955
15899052
53589479
76294946
2460613
37630511
55537132
24025541
78173193
48979230
72093852
48601161
71062140
73684039
98693282
10743651
68392964
46805690
3919445
8463013
58226674
70441832
54653926
51141569
34163852
60721112
65608065
77397110
44404225
51000323
70060837
73133531
19415726
23650315
49428477
21876338
61280825
57481960
98418230
91970370
6461189
70512081
40571530
30039680
96712471
91781164
93299683
65105435
38586853
97219127
26084799
49329878
20177310
80738724
52987798
54341162
41459835
71112215
84254623
38380412
22112537
54315459
11513942
41528262
77965773
60942418
15920951
91762950
18424377
66855533
83733319
77401917
37367613
76821200
59957949
86596436
68602363
53257631
4218222
59705567
2993109
30303020
61551796
23170419
11041743
67055946
30027932
52501578
38168160
66798906
43398341
12797048
21114364
54912282
6841661
51596488
68371052
75278963
43359437
39311780
42134495
79609107
16713697
32018460
8946659
29187997
18614895
77549021
82445627
22833116
89770940
85438735
53136135
3839087
61125505
16694229
70895032
43669788
21712158
9063191
10468693
65110498
74376590
31583056
20022780
81218250
35695896
88393831
56497213
31571684
27705610
98631707
11180791
96935658
30650166
72643801
26123654
1781412
50192821
61085632
24614527
92480112
46524367
30267013
96319199
7649871
46961242
19730582
3836011
68673399
28793773
14304703
33783897
55686714
98404111
6323028
36904964
34100006
94716858
93402176
18188041
74938819
44550234
81885183
24390829
75200400
54528983
3030834
76981811
57238156
64116466
54112690
49718267
10640832
84379702
98553817
70807054
83857295
18284399
27159416
5047046
99594523
41464119
38830942
55281236
92384581
45153969
92186199
79000938
92387178
38104726
97188978
19842348
82654960
79074161
44233176
10371711
33603143
47264010
87353521
90841298
11380475
93982562
93075917
74537658
30878616
91629733
97861063
14735910
9914131
25020479
19782955
62025005
19000949
11130248
17306241
11385529
8800568
62008791
90386466
1187745
113517
87575443
21030093
35284828
19165955
17779620
45656538
52769098
65043629
85526410
96126747
28940455
79508972
89202663
55994464
10387587
33348748
6371879
77639848
43262878
31392357
97422803
57804235
50393305
61069402
75110475
14295185
69869970
89635617
4681650
23574066
89749133
44773444
44604158
25033960
63939399
14900130
70690497
16708496
32460110
8733259
12835242
13916917
88242230
54554257
69911380
51146168
87903004
76283258
28786015
83682233
60191966
78725169
41486467
63101622
39794571
69113293
77396806
62180892
58748910
34594807
85754957
1014394
79368251
30359115
26048354
43307649
97775596
49255202
12532496
30235705
57988460
25367737
44152621
98747041
32438345
66580353
49893208
20341348
42863610
31195575
4023581
55571928
9920743
98026399
18673549
2231665
67139692
48586707
64412556
78404953
83181513
50167513
79419346
62549763
33042979
57984051
5857411
30818574
7239253
18389906
13570630
17744064
96273995
57723251
16491105
81228691
24303603
18900664
1570039
19683564
50096238
58109971
75255491
12533333
8652721
46445392
14764997
28308764
95032098
79177553
6713716
30729962
81861417
86133062
93279725
14904395
44117112
51653487
98239320
3872716
22559745
11809949
74133132
71350091
69533199
43140588
52578781
46353153
62041251
54148819
66036717
12137489
64775141
93808559
24670821
73427862
92770302
91952169
54252977
40318751
23646073
60966693
71048713
5507489
99616106
16844789
20411883
96249569
21014627
18651202
52638637
43574371
30461151
26771768
14924461
52510701
69912355
67503242
98863854
31953605
74168412
17416922
96607445
91459905
63741832
73794617
17404118
9028486
65746786
71657094
49347236
89392858
32623786
72912300
94900347
32239891
42273440
67828581
81005812
63288067
38996135
33644448
6862437
69457285
60416215
21786898
74484337
82844921
41806491
25864542
14798525
68491254
95797815
63922322
59951158
59539647
37716938
77355275
68568132
55980075
1528721
70431719
97889285
34152506
95860371
45305983
18908749
38133810
13134563
52430912
1421876
4647049
86075359
60800665
26620685
99007925
35103914
1105022
81852845
76910404
26969563
96651369
97918009
22767378
13090042
57869167
34823376
3323332
87740793
55907859
59303406
89269513
78855929
9709042
75938371
74716299
55015024
47363471
65366461
20665939
99794382
66788336
25312987
38386092
27589000
51933672
37394016
15209265
53038693
19246860
44636020
32524607
68414580
42554029
7808336
81504622
52939547
42631711
84827953
40680339
51055921
96647710
82466204
29911850
6356752
10920926
57144500
13888127
58284396
22510960
34554065
10595129
89299296
59867052
48981220
69404647
64317075
86375235
84613912
69872119
58138446
29249931
54913077
26553025
24320311
62721413
60573998
77259857
57869475
45401950
17940196
8925396
94566012
52922751
91353597
922763
63843676
48498096
14810889
74644423
71009056
1881306
85239551
12824703
61748357
86737122
34745701
78581783
25628708
19359612
48453901
83767153
1125895
3366977
10320177
25446205
18604741
23410527
55222414
76474216
68812476
73162609
37915963
15894839
78601711
81785911
16817601
42445386
30284006
84144842
69606160
53809413
86026147
7362062
66634115
290855
94099183
53896168
78872637
19727890
25772131
79842889
56011394
26898025
35726217
18847922
4860582
54330958
42258448
12599347
83321525
63587276
38278307
73753839
79482114
16880017
55539749
96299715
11841754
38340106
32960908
81447913
44665871
18987054
41326326
63816337
19277908
35425508
17712504
50666896
7669749
43484635
30509784
63681142
22899011
66236000
82529063
80275944
73083309
24787511
92875290
56404833
88374786
31153596
82675023
67856899
48033612
90731123
16672965
12391717
81587581
49633872
46355981
26253451
21137277
87682306
42586139
40415184
23107813
60298643
43598431
83293913
56299629
74108214
46975054
79198639
92860566
82020469
11990935
65943874
6807979
4866224
74865059
47699116
88536172
10056433
68072366
89086135
787556
37261683
1477852
82375136
39411906
47833832
61144938
60549183
35516138
3731076
964366
11140302
64029718
97079149
94434215
20329346
71187362
41409268
52044337
16564279
75946088
64035271
35024505
82754066
21417846
62405915
82969533
9954017
72462347
3558251
99040152
73249902
40819933
53034355
8141389
80231838
868186
69286326
40781020
88900675
73017402
94261738
40977
89563471
91340886
94475191
62409169
15044599
88400810
14453505
31608878
64346898
31005127
19149734
99617315
4939324
81555648
82586848
14893341
6534346
86145098
66449844
79784248
79481382
19484198
40441988
59713219
72868735
9728314
53010591
61769410
35262067
47272328
61810386
24825537
91129565
56285576
87234705
6174163
97202737
54204561
90299392
14065986
37726039
9449125
13683301
42665363
43521124
48786500
10075055
50055470
87447949
76524898
82356069
66929330
48525447
22798056
79158900
21394181
32526369
32169490
83163590
67788435
79441817
44973975
45130324
70571381
53775902
32365028
29261896
3494991
39085941
19561287
17560976
76811979
81526764
31244276
71993693
25047887
80030775
82068747
27619708
19995075
11109996
9975776
86924404
59635442
32773832
18599656
33545975
17816552
50769145
16709564
85604987
82727314
14199891
83251662
53298694
67975792
68133041
35076941
71470782
7218981
7154580
41548110
36547312
88681343
72792385
61057356
66245581
5339512
43126103
93865289
25334586
6752450
56357416
64775342
18904244
89131247
83374997
52450218
6947799
34144141
69159781
45069137
16871454
83359671
80837150
22686500
3851815
48970190
10279792
27838948
56189171
17434371
69387057
45252834
6115713
94695794
6310189
24877646
35305
1952643
71259286
77886242
8705093
27616701
95177935
27609336
69264300
31069283
80059553
28728450
17729776
1735685
26313938
87117581
37611708
7151087
62320432
41463522
56121276
72600224
21818821
64826798
90034594
43722230
10079631
48666659
38418023
16389820
73544304
90969679
18342462
97319941
21372272
79563906
24936641
16550207
59689593
94200940
135841
92265497
22929389
17865616
94001182
1759678
4983197
84129241
8910764
67303628
78109114
65032040
39903851
99927934
29858837
82454797
96166515
39938468
31121455
34584537
8844639
57182110
78070567
79703452
54502050
99442839
11783710
31955042
68509397
71473302
78672334
68645237
63738799
54118074
39027205
10256332
55877752
44010401
94385572
64788515
11314028
25011037
29820554
3734231
24938970
12195743
86189027
73621837
4650562
69826833
8206373
13495200
27008942
38793292
45715003
34027343
38236130
57498712
18498736
59261878
81488366
97171069
80423466
45227164
51289143
19450670
7999847
7166894
63461070
54901770
71955408
27291450
79912806
54292314
83542032
57368127
19004408
22247410
30989963
23654969
92074242
39196336
89666520
71599535
30505979
35381522
58143229
68742108
45396586
76641964
80520337
26884951
73813033
60943802
24628466
77618527
32910824
32628312
84785420
48888245
87530081
9257179
76179694
19959238
63549492
12238077
77327364
82553899
34485486
8317327
58725219
79076079
30014
48391738
3191965
30535992
36289612
13851545
51794451
34202549
90493509
32314787
13603851
16822893
45774940
38232316
94441419
78685763
23376979
31743190
27574008
10907059
41000368
56270053
30866296
57066212
68508130
60710011
92136462
55509967
69027337
50861681
87102398
69057350
51769770
42810714
52109693
40575733
56662259
3904143
74778281
99672119
36218929
40898483
69011363
81993869
79130798
15969133
13195983
2507776
47712322
40769990
65931186
41229041
97040043
49313833
98295252
18064524
10023844
90431714
73574490
31567532
93809746
13193239
53141234
98095867
56003953
5250926
38671600
65182563
9155069
65966232
17371033
97890349
6864715
86382395
32400569
85995512
54867879
45596552
41019640
2580200
38882893
59467177
43809240
35922935
61297362
94620844
53987458
71321205
37568909
80078300
55405088
31378654
45787890
8546321
29474520
54308194
66313599
20662471
19490756
27985019
86628703
89378140
25875367
93493417
75760534
10792288
32005280
30628412
8905191
25541271
85724963
47788083
85008448
82050555
36227370
46305809
29187750
42731179
70143365
66756658
75325830
78064804
50651663
