1000
565566
820981
529524
110443
639500
886091
686915
375902
674147
809582
146514
205004
489200
025993
175106
748662
996025
401622
429887
762749
095437
178403
134873
092532
698943
584057
871652
357614
247050
387738
850672
821060
875486
842143
584549
859727
711610
015419
649871
808586
260625
372142
090816
951923
730076
699823
314130
773857
685440
115833
322898
393011
752993
103977
240541
261134
360562
583094
886339
699598
472550
863744
803149
444372
619025
533816
562723
812021
009652
844593
684565
627878
932741
321101
020971
808091
533049
312311
471306
890876
433323
424158
105664
118511
158857
474104
370541
178060
310800
699190
529983
885663
377022
242867
662127
270882
067002
814121
670188
036157
935551
759320
815668
180448
522297
736828
663595
314551
490369
648498
628116
968179
390249
033296
236924
789447
441411
094761
654397
453186
722564
666777
548489
032873
052007
650774
171488
430311
756409
315485
784986
242552
278641
847029
546185
105301
130672
001847
723703
767198
621900
510071
883540
410802
802171
045629
257791
082305
676634
209185
205152
427778
964946
499296
827175
639411
061104
783379
892191
220518
803940
870094
182887
034165
686849
810297
265215
023858
835003
627362
558317
893053
304792
020233
402280
768261
862864
557770
576691
234221
432754
188765
252222
747398
267322
478948
383789
282204
629327
636223
014338
444537
144752
195242
383699
828479
695265
411222
451644
006088
516553
643943
710923
444166
359219
585488
185433
132119
853236
336399
267935
384396
394274
069545
979140
359644
684381
744916
670139
428089
722119
358094
461561
706411
050257
397253
646580
325775
514359
172742
872522
544953
088324
890745
869322
901902
512419
779848
072788
751581
931089
183845
005363
889690
377374
857635
535433
655269
930554
676512
669908
782276
223440
137952
924650
497639
746107
844224
828525
791048
945173
136540
910022
934198
515389
538190
150951
933503
938277
038300
070941
476399
622003
968102
011806
920052
027499
463600
516884
768241
218973
448109
487472
494730
698840
091832
982537
405607
913679
077031
810146
871728
608617
790767
929080
329210
040626
593820
257968
369516
131607
821302
534845
493915
695531
796057
103494
916423
905512
687660
014033
421083
968752
145150
984178
987095
663959
645254
004836
394873
487346
040887
602570
077747
682102
044827
417553
745856
863050
505220
909100
145554
481958
862898
943166
957552
248133
445497
307945
563878
585531
873549
937904
291257
714642
298839
220679
312387
644704
567214
326066
878131
723185
295044
178882
579849
418846
545517
224235
965446
940101
935620
199361
166148
557121
761488
207227
501349
062342
956382
411892
362048
358999
145437
478860
874718
701069
403115
051810
397903
246183
565234
877284
216754
522980
834497
691150
745564
583769
106839
285142
728961
279328
188250
581375
505882
544820
399075
434572
960066
203120
314960
494459
517646
839338
436483
947629
787861
183296
702934
470995
918699
035598
057254
407894
735839
617346
170917
286670
162732
633955
724431
257043
957521
918650
844146
539375
999946
932541
204779
640413
599394
900819
879948
700747
495014
865675
638052
098915
513063
891054
311920
172931
529067
004608
498494
435396
081263
269370
908986
803898
218330
112808
428260
105645
341131
630357
780996
184370
068315
357082
113211
159918
965660
932870
844637
477919
383657
061005
662410
080418
115520
981054
854779
229237
125807
347840
276596
207168
383172
008462
608078
480600
968437
000861
877653
639576
952954
608398
652241
446519
444579
908580
286440
585781
308055
048656
168699
363628
715764
462716
608611
028821
122391
906215
893648
977437
831815
556644
954286
831156
806732
015678
033493
292283
542489
940415
356066
675070
291125
098129
699324
696084
059505
881183
916539
879277
314509
399039
376854
716502
748747
713362
168183
496015
958626
883330
090966
501498
202121
501803
487396
678459
855912
314990
218302
738144
120668
881618
143111
394469
816185
720017
447999
059361
218238
518442
139520
708834
311524
861485
571406
424735
604387
165471
765194
585893
043850
326194
572452
711978
050203
053487
498231
805267
048402
977143
043184
177055
125742
745431
345281
028442
250820
196587
482928
664705
245499
911249
914724
574820
085560
903700
050623
977156
685655
247485
080691
810350
544905
793240
646644
622231
600822
596984
093711
435087
926002
564997
506750
787620
512561
222261
877807
509359
526828
844851
634300
706914
230671
897721
900505
533514
598005
763738
899100
305540
965954
719862
296154
725655
199014
354988
059407
918502
127376
693018
087716
562971
184197
621062
947897
531232
250895
327218
267939
443828
772775
896469
678566
114330
555800
887687
311389
901040
877374
132073
945581
785078
152849
778720
876414
962479
864491
150529
362807
796939
915066
329625
302691
433446
813792
553259
962879
902474
641523
170141
610800
357156
674797
134791
763507
409084
398453
562797
232104
019332
842834
256544
814374
005040
376567
608483
580323
493723
545375
784066
978205
256656
374427
326198
790291
309574
196470
029854
304160
838008
280300
211889
957399
608742
960029
204761
592266
194208
691952
471644
782845
274304
477518
420911
974565
380226
098646
957376
813430
364527
327850
821578
636979
424953
977225
158116
868648
189335
468328
136734
030543
268900
697829
342378
070218
530286
040216
083632
588688
879383
470507
029705
772978
222348
338991
718748
907997
618494
677272
505528
468353
575736
713409
886420
660235
925804
763813
843417
233100
993107
237175
127390
398107
850784
033198
520147
109413
209133
322463
194542
030716
114021
490136
099031
233355
545339
058588
910194
569697
649971
548106
094914
650930
288031
933860
288238
556055
252482
059472
522172
483998
488817
004829
603418
457893
378481
504056
517794
956430
215534
083465
842367
073556
684458
415616
992368
831506
714629
159916
273058
764684
552958
473572
870524
400597
234491
709473
773430
253032
319391
215988
723213
349090
309194
749322
426532
495388
672607
206049
058889
660000
339255
791797
469221
777354
366467
647713
580362
403472
816849
498239
736221
385565
258700
128554
961015
346217
804316
721399
369919
000795
824620
925838
520139
891318
752268
351781
821844
080926
095792
210810
850054
527543
502866
072560
387681
894464
406940
562968
522056
096565
620875
097275
309845
377019
144729
504477
412042
789352
820443
623417
900990
332457
271137
518111
802849
846502
404373
652843
170334
864228
452779
902974
642033
383612
949191
485532
388853
909231
930777
551545
285758
262127
745603
934686
246713
872096
117509
666706
596825
019226
409250
426741
916443
394743
869873
422719
844057
284769
414994
876034
987992
535089
028520
021373
190412
810354
995368
601417
173187
824990
644250
098593
427090
234216
462407
830438
130142
765885
011643
064287
709405
530911
366456
418617
978415
216113
984441
218910
686684
891654
399417
334503
477454
217286
662375
819827
330253
372453
491014
378670
811751
694095
219782
737525
081400
346358
744092
826863
144253
857614
754011
334474
173018
992229
172509
252311
514231
129089
812329
181601
436478
533131
664813
093951
910296
333053
095235
773810
274262
739270
685876
015702
