1000
383
999
544
203
388
39
187
380
429
877
973
612
998
784
734
491
594
82
20
262
54
403
676
234
835
217
648
226
526
479
116
985
279
549
52
766
459
534
568
840
235
774
327
239
743
323
48
692
248
321
770
786
142
114
494
301
422
752
103
653
220
483
529
694
176
758
925
753
32
275
18
126
893
588
910
503
585
592
4
524
515
822
625
578
581
799
959
410
456
41
935
974
361
394
723
748
241
460
744
882
802
274
948
297
824
377
831
953
708
956
53
129
221
322
773
771
130
469
144
712
240
682
674
148
496
59
706
264
384
823
968
94
700
257
836
562
915
927
201
856
717
862
289
514
79
679
58
555
647
604
740
419
480
675
610
981
98
199
718
477
626
977
539
556
29
512
832
196
318
865
629
637
122
127
228
245
759
659
608
145
309
493
183
128
827
254
938
565
269
368
518
162
207
642
21
830
738
423
216
516
93
850
23
914
719
57
628
453
688
350
386
912
668
433
801
775
411
837
415
89
369
982
117
37
263
866
251
385
552
278
28
193
208
63
900
448
906
564
387
573
656
776
838
696
268
941
737
153
168
652
259
969
725
551
33
986
292
639
346
36
667
401
589
349
184
616
670
265
77
123
899
502
779
195
335
246
31
408
913
579
470
563
991
223
703
343
517
895
861
730
1
987
180
106
421
95
92
735
636
45
833
190
396
747
660
536
731
949
764
35
439
963
943
26
109
970
80
878
930
873
307
811
606
966
27
372
149
698
834
392
984
627
160
10
348
474
881
156
178
613
569
553
898
726
405
783
794
409
15
926
471
273
354
863
231
519
60
99
146
138
74
828
547
586
702
360
464
286
595
640
905
232
921
179
928
358
816
164
291
980
371
769
495
661
795
219
842
904
284
716
944
159
777
229
782
945
841
121
379
161
714
576
267
450
302
198
16
513
72
486
413
42
988
733
258
839
785
406
727
378
65
78
342
874
165
807
359
805
597
270
209
507
658
907
315
293
214
340
81
97
728
155
931
204
135
370
749
391
432
751
746
104
693
120
546
596
845
311
923
367
603
704
870
933
64
447
875
739
990
40
531
256
119
85
260
500
110
624
705
741
332
331
506
851
522
765
313
188
132
644
599
934
768
633
25
736
572
654
711
681
230
684
622
508
651
854
732
382
150
211
467
485
646
566
672
607
533
351
451
760
143
47
929
427
819
687
442
191
362
598
152
778
745
420
690
788
560
996
280
210
896
509
756
87
90
780
283
686
781
924
424
446
761
523
860
285
244
212
685
939
329
942
867
250
971
468
139
147
55
243
137
172
445
997
428
43
504
319
46
543
337
528
952
673
38
182
855
295
484
347
892
194
808
689
70
763
49
798
102
434
452
395
303
30
56
345
249
115
724
532
520
197
333
678
462
762
886
848
192
125
304
574
1000
767
888
583
530
965
919
357
83
695
818
621
389
561
376
989
334
540
755
157
947
488
920
793
398
887
316
475
463
416
22
623
902
958
879
444
314
454
108
482
631
435
792
630
946
590
299
601
171
84
885
605
634
844
662
124
806
976
425
253
381
548
487
720
330
24
790
13
964
567
978
499
489
960
809
550
683
600
937
789
281
650
538
205
458
412
864
247
417
916
8
950
181
224
473
619
440
407
554
559
3
218
880
62
233
843
817
436
222
105
277
271
71
995
602
742
44
609
449
961
399
541
852
813
282
505
617
903
356
983
287
669
967
2
497
857
666
957
757
501
466
587
261
326
68
577
537
618
7
6
707
134
328
141
701
918
691
431
75
580
170
510
34
611
713
364
498
400
107
185
909
373
680
166
847
815
455
803
174
481
300
131
430
846
951
154
542
722
570
338
296
437
883
140
69
638
17
911
829
814
61
558
186
476
12
158
352
324
325
664
465
797
908
754
461
884
118
112
418
922
443
826
645
305
890
298
215
173
571
729
800
100
527
993
363
972
426
317
575
255
521
940
849
397
545
252
306
663
492
136
11
96
353
820
620
308
312
859
206
242
344
750
979
76
67
557
19
163
992
584
709
404
101
472
868
511
225
375
73
872
649
787
237
901
810
50
189
213
955
715
812
438
133
721
51
655
151
9
643
804
402
294
897
954
113
975
290
365
535
66
310
614
393
962
871
238
111
641
288
917
936
932
796
821
478
86
200
635
390
825
697
202
615
876
266
671
869
632
339
699
272
894
525
320
858
175
374
355
167
5
457
490
853
891
791
341
657
889
665
91
593
710
772
169
276
88
582
414
177
441
236
14
677
591
227
366
994
