10000
89
96
246
146
199
42
41
193
103
31
47
90
145
170
13
205
15
255
81
29
77
159
152
12
252
158
191
76
51
61
135
189
140
228
138
202
245
98
9
78
125
137
253
96
78
14
217
202
148
170
147
115
97
137
95
134
219
211
205
116
55
214
72
91
207
42
63
71
45
163
30
3
161
131
19
50
108
76
248
179
114
86
205
128
80
110
159
146
115
11
13
150
251
35
44
54
184
6
183
154
240
107
13
10
102
190
118
48
124
132
184
241
232
172
158
130
139
13
10
69
119
13
10
28
34
243
79
216
191
192
0
246
87
100
199
44
81
25
248
132
16
249
51
161
13
141
56
147
140
43
120
30
29
5
173
173
123
244
236
114
54
13
82
57
95
14
79
123
215
232
203
6
10
230
222
15
119
245
24
140
130
83
228
171
238
79
101
186
8
252
30
200
242
147
33
167
64
149
125
79
215
38
25
253
96
121
252
3
103
243
114
180
32
253
13
10
122
39
179
245
121
26
214
179
1
208
232
103
27
69
142
22
152
126
92
242
38
83
105
211
23
129
44
30
244
4
84
29
7
225
62
81
137
123
111
190
253
14
1
9
255
114
203
44
245
228
44
60
239
199
200
99
205
187
182
82
218
119
106
143
55
94
96
237
48
153
212
148
180
105
240
239
162
149
189
248
8
133
11
144
219
220
70
109
167
114
247
187
99
21
43
228
13
21
156
142
221
117
185
211
234
207
169
168
181
172
45
237
255
13
144
54
247
201
155
10
28
97
34
5
68
210
190
31
214
96
190
24
236
231
156
162
211
113
123
83
54
76
132
161
173
204
228
23
240
201
254
197
101
6
54
28
13
146
41
100
110
222
117
245
213
254
58
155
66
248
168
246
198
174
115
154
142
146
132
113
148
105
12
189
143
254
77
107
4
145
201
2
231
104
37
90
42
77
186
248
3
150
123
193
124
238
119
193
10
63
205
52
222
161
44
58
170
211
137
39
33
2
89
134
251
145
29
148
157
189
51
174
78
154
196
149
50
187
166
170
43
60
222
250
2
220
128
28
10
125
173
19
173
253
217
29
255
24
153
64
165
125
147
179
80
107
22
133
60
84
199
230
35
118
201
67
172
79
224
92
197
241
205
133
92
224
92
101
29
214
190
251
160
9
82
202
182
108
236
207
124
183
136
83
237
226
156
62
246
121
101
16
92
189
203
160
233
156
46
17
222
100
86
71
119
187
31
185
44
147
10
167
16
147
37
151
26
70
240
146
170
75
134
108
202
75
27
56
122
127
1
62
209
55
61
111
119
20
230
79
139
66
191
165
38
196
38
33
94
141
139
31
116
68
185
79
16
59
25
132
94
129
142
10
76
254
35
18
51
232
215
48
229
66
204
254
141
10
46
255
125
241
177
179
205
149
16
164
13
10
3
170
210
23
165
79
13
165
18
244
157
28
119
222
13
140
21
220
201
13
10
66
39
13
206
100
3
57
29
248
223
13
226
189
52
49
168
252
114
54
13
3
192
112
140
244
70
49
37
190
131
213
219
195
124
43
235
194
117
97
29
90
214
165
150
22
139
218
150
80
224
198
186
120
114
25
97
216
13
10
26
118
83
13
23
199
108
144
229
58
192
92
110
5
125
201
13
48
160
121
23
163
93
92
10
163
92
114
227
253
169
227
205
14
100
24
49
85
10
82
15
96
32
47
192
207
11
13
10
158
193
17
234
168
210
87
150
58
168
194
8
201
129
118
13
105
19
207
26
150
191
57
138
88
56
182
15
203
13
10
72
216
146
236
114
179
6
172
106
38
132
208
67
10
86
225
74
129
67
124
115
152
91
157
13
10
117
13
212
165
41
211
41
162
122
197
15
177
13
10
188
13
10
203
176
154
48
85
162
245
131
177
131
209
40
234
13
62
230
10
76
51
12
178
233
140
109
76
74
49
107
174
219
124
163
71
163
204
129
148
171
67
158
114
208
31
103
246
66
186
40
215
173
29
180
235
154
34
133
96
145
114
89
219
122
209
201
39
19
138
89
75
132
240
185
72
167
59
115
72
230
247
151
115
8
3
238
223
201
156
84
144
76
13
10
64
151
125
233
133
13
252
111
196
160
50
13
147
74
234
158
51
47
108
27
203
169
227
54
66
218
163
61
179
83
248
39
176
190
144
233
235
143
58
56
36
243
77
214
68
239
107
121
192
106
202
210
22
210
184
142
4
169
115
62
210
35
243
208
13
183
207
139
172
33
190
226
229
217
93
23
170
58
152
13
127
244
247
244
243
0
241
224
64
173
176
95
50
144
28
17
16
161
199
35
31
163
26
13
10
122
17
127
153
139
50
167
218
150
10
207
160
72
14
78
211
41
34
143
77
223
66
42
10
146
16
184
221
182
128
237
138
103
226
21
92
243
223
128
194
84
137
144
115
117
82
184
253
154
79
17
225
64
204
170
251
45
212
116
55
195
246
148
9
233
58
150
73
148
199
244
0
9
35
24
149
102
141
153
69
26
13
174
171
248
10
220
237
80
77
151
85
143
53
201
4
246
80
167
162
10
153
31
228
153
147
136
242
89
50
113
13
10
20
10
232
123
174
101
239
10
238
111
188
82
10
134
37
102
201
10
135
43
245
58
13
10
91
20
102
19
13
251
145
69
164
180
56
241
117
25
103
113
29
215
196
190
60
57
127
232
119
142
72
11
164
110
244
230
229
100
164
234
45
236
245
88
69
180
96
83
216
148
84
128
232
106
29
115
114
138
13
26
115
18
96
34
7
103
249
201
248
189
244
164
19
98
24
125
194
189
55
10
4
25
207
82
10
246
10
86
227
98
190
53
78
237
233
152
179
218
157
75
197
100
16
34
10
63
15
42
198
128
18
127
0
114
129
178
145
167
85
203
44
4
174
73
106
205
175
183
121
65
249
103
155
194
231
223
128
50
13
5
249
85
84
13
10
153
216
146
32
42
122
199
181
13
157
120
86
218
136
219
158
106
104
205
28
23
124
120
187
208
141
226
131
152
128
226
156
46
233
117
144
19
54
9
153
105
22
104
62
24
178
139
126
158
9
65
50
21
136
137
249
166
126
3
120
32
172
224
47
142
94
83
211
198
31
126
226
75
210
223
14
15
154
201
13
10
0
135
199
197
208
120
0
147
23
197
211
83
203
122
204
169
96
224
160
29
9
10
198
46
53
158
73
229
73
193
217
40
147
134
74
21
120
42
144
170
140
64
201
97
177
233
8
134
154
25
76
96
70
95
24
250
206
226
187
88
75
81
56
234
253
48
5
140
53
2
183
150
97
230
152
67
174
240
67
91
27
39
111
120
124
0
219
7
227
7
194
39
5
228
34
123
17
44
249
101
13
235
143
13
11
252
93
19
24
35
45
226
116
9
168
147
110
111
133
13
167
40
181
2
13
10
24
4
21
194
203
23
220
188
155
118
26
196
149
81
73
45
7
0
239
29
10
117
38
130
183
147
111
49
250
91
65
232
10
209
10
91
30
4
75
160
136
235
7
8
71
39
197
9
11
173
219
152
13
38
50
77
116
149
238
223
13
10
186
216
190
146
27
231
99
162
168
82
54
227
214
168
14
144
44
27
250
13
10
96
202
147
13
10
209
17
88
201
72
162
165
186
112
202
38
82
11
177
20
113
125
120
11
227
131
64
108
182
217
101
206
135
36
90
13
10
122
29
190
175
15
204
81
142
171
247
225
109
38
169
13
226
163
108
233
102
187
150
119
73
227
201
88
119
78
38
153
117
176
41
243
41
216
74
147
240
199
99
52
75
105
52
153
184
62
188
4
149
135
248
92
45
48
41
205
221
73
230
43
102
131
99
43
83
17
10
124
99
195
157
153
59
194
163
104
183
21
60
234
238
5
193
115
13
10
93
152
113
85
254
24
252
1
2
220
10
156
216
242
254
134
122
132
123
234
246
35
254
27
187
46
66
42
139
175
87
207
148
174
144
164
178
137
230
66
189
4
129
113
195
151
112
151
134
67
49
13
10
37
10
205
152
36
33
38
13
10
4
108
92
109
21
232
130
26
245
23
25
207
46
178
208
199
142
218
16
77
165
97
57
193
220
162
245
12
9
87
84
28
55
21
184
98
53
216
169
73
56
56
133
227
10
190
218
192
95
80
207
20
141
141
84
129
62
189
92
157
55
50
134
196
69
0
126
41
125
120
88
27
222
72
160
142
144
125
181
10
211
42
85
165
163
231
10
122
229
45
113
208
95
212
224
21
231
208
155
174
152
24
229
53
240
90
44
171
45
146
13
10
141
176
128
234
22
85
136
244
139
45
142
8
105
86
233
217
64
134
27
94
234
157
155
247
124
182
205
194
13
22
233
99
124
249
242
106
47
129
131
115
120
166
203
206
14
42
33
86
228
138
63
211
13
10
191
101
143
144
8
244
206
75
13
13
10
193
74
138
242
228
221
113
206
58
86
148
254
125
12
171
164
42
35
241
105
118
97
148
88
155
34
48
104
91
61
131
184
206
111
98
84
252
8
103
7
201
74
235
115
182
55
101
245
55
158
35
201
113
252
92
228
108
224
11
208
61
166
208
126
189
10
231
45
69
10
164
65
58
254
59
19
92
9
238
90
156
13
174
131
233
48
54
89
1
177
180
218
151
15
52
46
65
31
170
9
78
243
237
77
27
158
214
169
147
49
106
109
2
165
212
16
26
175
57
227
36
153
254
177
9
168
51
95
6
54
34
185
154
128
36
28
168
214
125
188
100
200
110
127
118
216
84
123
150
115
130
33
106
250
179
141
250
10
89
10
55
113
82
13
19
246
130
54
13
155
75
200
68
40
42
162
206
211
64
10
5
159
176
169
44
242
5
127
156
13
81
163
247
176
118
217
138
154
197
162
77
78
180
141
71
63
167
84
105
119
175
44
62
221
169
222
97
199
112
212
192
222
212
84
25
205
150
144
159
49
71
116
119
47
240
79
190
161
66
8
231
30
142
242
184
58
16
225
230
38
231
175
73
204
83
169
140
104
215
146
158
41
13
13
128
149
98
104
202
41
209
10
241
170
253
11
31
0
99
206
39
233
133
13
10
33
7
214
54
118
145
212
230
80
177
151
187
45
65
243
33
205
126
114
166
155
135
208
3
131
103
195
205
115
228
163
46
186
241
13
10
94
187
158
167
155
103
206
173
206
180
69
217
231
240
15
78
159
12
170
135
22
249
76
118
89
147
14
33
33
21
213
185
92
12
121
101
68
217
186
74
76
228
157
231
149
72
103
126
6
212
127
99
244
108
23
106
117
183
189
119
144
128
134
211
35
10
213
42
89
125
173
230
210
89
235
255
13
10
43
133
227
197
127
156
26
187
95
24
189
210
13
60
174
79
56
173
76
10
105
189
58
64
123
109
10
61
56
161
254
170
13
10
13
10
108
140
157
155
37
47
199
58
240
92
14
84
13
194
33
130
197
181
174
102
99
228
180
118
154
235
183
223
3
13
104
104
136
195
13
10
22
230
60
70
10
133
117
3
230
234
9
199
208
239
46
20
218
126
98
179
19
92
234
110
100
129
163
158
220
187
187
177
100
111
204
141
210
37
101
154
158
221
55
185
3
253
224
170
10
221
158
103
193
13
56
202
114
228
244
51
162
175
114
96
153
71
225
191
140
125
95
197
97
156
39
251
76
100
248
197
130
126
13
194
59
189
13
235
28
10
194
4
201
173
236
110
42
128
16
80
66
66
60
18
220
72
140
13
20
5
231
132
26
228
192
210
191
23
13
130
64
216
13
10
140
6
2
13
10
188
200
57
198
105
50
223
89
145
142
137
2
108
102
234
97
111
42
87
140
22
216
13
178
67
173
146
52
142
78
81
68
111
13
197
205
49
178
106
215
3
13
10
60
99
13
140
31
124
58
34
143
132
162
84
172
240
41
62
242
232
246
138
13
10
226
120
119
139
245
194
154
21
78
69
185
119
188
234
248
182
191
182
222
188
2
25
74
168
9
254
103
80
254
13
10
33
228
213
128
40
18
187
105
13
47
246
164
101
123
130
104
214
13
10
168
149
199
46
133
53
8
108
147
185
124
224
233
169
86
52
203
38
141
242
134
78
54
137
142
139
175
111
110
17
173
77
223
42
132
58
209
225
180
241
27
104
122
66
165
227
138
252
77
165
139
136
65
204
201
221
13
53
249
29
240
54
158
248
220
117
145
99
214
4
115
217
116
182
63
158
119
202
118
13
119
25
208
145
238
19
92
191
166
78
60
122
229
71
27
220
235
225
247
255
76
8
0
231
63
127
174
166
224
10
97
213
16
213
90
170
89
9
239
187
75
143
51
200
12
128
66
186
13
28
195
5
254
21
13
10
70
128
150
252
109
237
19
180
14
217
127
164
80
9
157
252
78
180
123
227
252
183
86
234
51
49
159
174
130
103
228
120
145
217
61
47
40
24
146
140
65
52
222
101
102
19
44
19
27
131
57
75
148
140
10
13
248
18
123
9
58
13
41
50
2
0
15
11
142
251
108
140
9
158
229
41
26
74
127
10
67
31
62
246
97
160
51
192
204
124
23
52
200
13
110
154
154
158
29
154
18
236
195
201
10
88
144
103
172
255
85
209
93
240
85
215
201
195
58
42
199
142
122
13
10
164
16
147
123
166
57
214
107
95
149
124
2
248
10
127
234
189
222
131
161
107
87
176
210
204
53
189
127
247
205
196
248
9
42
94
243
13
64
25
119
10
47
49
186
83
70
37
34
171
10
32
167
29
10
224
115
10
10
22
45
201
60
10
13
226
216
116
125
10
191
203
182
176
50
78
63
3
241
210
168
253
65
17
52
141
10
249
170
181
39
31
252
178
13
13
15
10
74
142
108
166
14
56
100
201
176
144
134
68
117
236
188
115
62
133
221
69
229
20
21
243
246
71
42
117
33
169
148
121
173
153
101
19
145
153
125
95
197
59
251
129
44
96
82
22
18
233
39
140
101
117
11
216
54
205
187
73
162
72
138
123
30
110
63
50
120
111
131
209
240
104
10
155
108
151
75
206
206
105
171
94
39
184
216
39
84
206
244
50
54
46
181
7
13
42
97
239
225
251
238
46
153
108
197
250
13
61
151
159
63
23
93
217
83
74
47
56
163
21
211
166
47
154
30
187
74
88
73
204
235
10
62
204
126
81
188
141
44
60
150
236
95
23
32
146
53
214
98
121
171
60
173
55
152
4
17
234
170
21
251
253
129
181
28
33
51
136
31
189
168
251
227
1
10
164
48
44
11
177
121
21
14
176
97
25
64
85
170
102
101
5
21
13
24
20
203
117
23
175
6
43
147
168
1
87
13
214
28
24
237
39
110
162
107
52
83
214
47
10
122
93
201
125
179
35
228
183
67
224
149
166
203
248
204
13
79
128
27
78
172
74
125
143
91
169
232
30
22
125
254
249
52
106
68
237
20
36
202
170
218
162
99
131
34
91
9
142
128
7
10
62
151
62
139
213
226
117
202
87
173
44
59
151
254
167
144
59
10
51
163
77
197
29
182
133
156
185
110
145
21
142
77
204
5
17
19
208
250
19
197
222
50
103
254
13
10
159
114
254
245
65
31
44
14
179
78
224
85
152
48
204
211
118
25
1
135
113
48
158
74
35
24
88
33
233
147
138
146
13
172
33
60
91
41
17
73
11
13
73
62
105
49
244
187
202
151
144
15
113
227
84
231
129
93
87
235
240
67
122
69
156
191
99
222
3
2
193
175
220
160
135
52
119
179
13
10
212
10
10
85
68
162
104
194
178
200
193
112
156
152
156
203
159
218
129
250
195
158
165
93
206
87
30
54
111
127
136
114
80
34
31
209
20
145
157
5
156
216
122
125
236
249
195
106
10
29
54
68
240
3
229
201
50
128
10
132
66
2
240
100
130
74
207
50
182
63
102
109
65
236
81
130
126
49
13
134
124
149
32
239
178
62
27
151
194
114
148
168
195
176
131
5
179
117
3
76
13
18
82
176
208
25
36
139
151
61
24
18
80
164
10
58
139
11
242
13
13
246
141
103
137
146
38
195
8
239
37
13
221
175
51
163
220
88
211
82
223
74
240
13
65
175
73
169
65
10
98
129
216
46
188
254
227
179
153
233
48
110
10
116
59
18
252
121
141
251
93
47
111
13
209
61
186
152
28
20
207
141
144
10
49
52
28
162
60
95
53
66
61
246
167
101
48
125
18
91
24
201
129
113
77
7
142
161
225
247
13
149
178
148
221
222
151
28
94
174
128
15
200
45
200
169
13
10
29
186
9
99
31
152
211
35
10
0
85
216
130
60
57
11
64
82
234
62
88
156
98
138
108
106
190
185
228
10
175
114
221
11
248
95
203
151
139
119
13
244
118
104
38
86
243
2
64
60
226
146
192
40
211
109
248
123
159
180
200
180
162
139
2
74
184
175
189
170
138
212
226
250
13
10
56
24
133
128
0
50
167
228
231
125
50
142
250
13
10
81
106
219
73
180
137
190
54
158
255
235
10
214
154
227
68
58
251
220
161
196
102
19
13
10
244
249
241
66
42
89
205
41
159
220
186
25
113
90
122
110
146
150
38
87
248
197
129
176
207
198
118
35
214
205
231
98
13
10
231
22
228
241
243
242
55
13
10
227
152
206
134
113
211
4
87
241
136
129
231
14
14
24
90
144
147
245
58
240
79
206
191
38
197
95
10
137
160
61
197
108
10
127
234
13
10
1
134
110
56
155
190
90
84
253
33
193
158
8
232
109
241
54
11
172
164
106
187
159
194
186
57
65
2
10
183
239
96
161
100
50
148
86
216
43
57
217
252
235
100
82
26
81
3
74
221
182
133
127
129
107
52
175
99
74
172
75
36
121
170
21
170
184
183
184
129
38
48
176
248
130
204
235
78
137
87
35
133
232
1
50
210
194
156
122
142
185
40
91
104
13
105
181
2
10
93
149
202
37
182
33
99
179
116
93
50
164
130
119
1
241
135
153
200
147
98
225
39
192
178
36
10
132
151
29
222
93
56
207
110
161
38
164
156
214
75
29
52
184
242
224
54
99
92
247
29
152
234
244
65
167
192
89
234
139
161
233
176
205
228
246
110
27
13
10
65
160
75
215
130
70
202
39
13
12
251
92
122
166
245
97
153
38
199
44
80
172
40
173
159
224
90
117
128
86
37
94
106
104
190
177
151
183
149
116
39
73
116
197
47
31
10
13
69
195
129
110
26
89
148
76
65
222
30
238
23
245
21
10
112
181
229
254
82
53
145
228
21
164
55
2
133
13
10
165
245
63
17
101
153
37
90
163
164
140
68
199
61
171
201
67
32
130
131
40
120
109
64
53
232
153
39
209
126
155
46
42
31
123
217
116
108
140
188
17
224
191
29
171
70
35
12
137
216
13
21
118
145
193
116
245
12
161
162
38
219
91
171
26
77
205
97
22
7
143
252
111
25
38
249
247
113
218
106
238
138
164
49
48
201
76
69
76
110
111
37
202
86
148
49
181
41
123
162
10
76
31
222
106
13
33
178
139
209
161
226
110
6
23
140
14
93
10
113
234
202
118
185
96
89
227
50
46
169
204
67
157
78
136
193
175
13
10
241
63
124
87
213
51
167
181
41
51
135
169
241
62
206
151
169
156
107
13
10
10
203
229
250
5
80
79
85
235
13
121
218
201
70
151
6
234
32
22
216
68
69
196
109
240
13
10
83
243
209
68
30
10
39
224
197
175
8
123
180
69
229
110
73
246
125
180
186
60
64
211
67
88
108
5
150
18
246
12
54
147
108
168
23
10
182
253
106
249
150
31
76
241
97
109
62
121
40
230
209
21
92
36
13
10
217
194
23
251
214
157
154
31
51
104
168
3
10
3
91
50
41
212
215
149
222
128
62
218
8
127
255
110
241
138
196
93
10
110
14
56
171
227
138
10
66
127
240
13
86
135
205
151
160
239
252
246
160
239
20
237
176
208
10
222
44
73
94
50
176
81
236
21
34
124
47
139
227
78
162
62
4
53
247
24
124
229
243
78
146
151
241
141
108
93
147
206
42
16
162
19
167
146
56
79
47
170
204
68
203
13
121
255
13
10
57
138
188
141
209
197
130
0
223
109
176
178
218
24
83
81
88
242
193
164
70
102
90
13
10
143
51
161
41
155
10
244
230
99
17
80
143
10
79
217
241
0
145
35
120
22
51
158
43
168
230
50
163
13
162
170
49
26
81
141
202
33
47
114
86
176
191
176
117
109
16
61
228
37
197
153
179
87
208
55
190
205
246
111
11
61
64
254
176
98
117
76
96
155
111
10
207
151
252
25
144
36
140
55
13
10
43
196
71
52
52
86
206
237
37
95
180
13
10
121
236
244
185
5
13
71
53
102
141
145
237
68
210
215
137
197
174
151
250
89
1
227
63
232
51
125
70
79
46
69
114
88
144
47
44
82
145
47
226
130
162
97
13
10
184
5
131
157
61
172
13
167
172
174
13
10
13
74
218
206
57
48
1
202
10
105
109
68
237
10
13
10
30
65
116
218
150
124
247
255
30
136
13
10
141
3
36
245
174
40
240
86
126
117
150
223
10
115
170
77
41
128
31
242
20
87
212
3
241
107
118
247
147
149
3
186
54
99
20
157
13
10
10
172
46
13
136
239
83
132
211
122
101
190
255
201
180
56
152
17
25
33
44
188
100
134
66
193
137
33
191
151
131
69
13
123
29
225
13
10
225
244
95
191
37
159
100
226
163
238
13
63
168
81
44
249
69
130
109
117
20
113
121
235
159
199
6
86
80
64
17
230
116
119
185
202
101
86
150
181
199
174
119
181
204
170
13
42
60
57
33
223
64
249
185
74
10
153
72
152
48
77
201
2
39
98
79
32
196
189
148
181
89
249
19
246
130
251
232
179
165
183
25
156
248
158
64
170
122
124
13
10
79
13
10
86
255
155
253
66
49
55
139
197
253
255
10
161
152
82
250
13
10
206
152
64
126
111
140
198
244
203
91
168
17
122
206
94
19
165
53
192
216
190
182
192
151
93
112
47
167
242
186
24
170
197
115
95
147
91
182
209
37
13
10
156
82
13
10
138
73
231
14
122
30
210
38
215
55
13
10
164
153
201
199
210
35
77
110
115
19
245
231
1
189
75
52
173
204
161
197
211
212
92
10
153
95
182
221
13
10
140
36
225
13
2
8
81
136
184
89
26
25
225
117
165
11
140
214
85
244
240
218
55
236
84
33
55
254
46
176
100
88
224
159
192
206
63
131
249
150
150
190
52
195
230
252
18
75
3
135
63
42
4
6
85
167
16
162
152
95
98
10
162
227
128
169
223
83
64
95
13
76
25
213
13
114
110
23
138
221
209
242
119
93
54
130
234
26
187
13
10
105
18
112
179
65
149
118
7
99
96
27
60
89
48
74
184
32
44
144
123
197
5
228
60
5
43
72
172
224
56
106
13
10
155
214
128
29
232
201
229
101
39
182
98
50
129
248
245
76
117
195
255
134
57
205
97
183
156
165
208
200
254
13
186
103
25
116
6
69
95
92
135
217
203
226
200
74
4
77
80
245
249
40
162
13
10
35
219
87
94
47
231
172
88
16
92
230
210
231
120
128
189
31
30
22
128
42
116
216
221
211
10
159
245
162
115
131
29
232
162
255
157
225
29
13
39
233
234
135
19
180
98
237
136
244
129
134
107
207
104
48
75
138
124
162
126
1
114
64
224
96
10
116
35
30
177
41
10
9
113
198
201
24
56
2
40
76
173
187
159
9
242
128
79
200
17
204
33
101
199
81
181
19
16
71
28
107
49
146
191
93
96
31
107
169
84
112
117
46
168
150
236
78
94
33
1
52
209
230
180
122
206
101
22
114
233
22
73
252
13
10
164
24
221
10
244
212
13
6
148
24
186
13
13
10
115
101
191
139
51
43
165
234
60
255
249
122
68
162
201
246
219
13
100
164
52
2
21
229
104
114
221
100
117
98
13
10
0
38
18
127
75
13
10
161
113
78
91
37
65
138
98
207
9
136
170
255
157
13
143
52
67
180
88
238
9
59
216
217
100
79
9
133
54
210
8
234
69
88
235
33
10
32
53
140
127
42
212
61
117
198
188
207
72
180
97
34
10
134
167
39
249
133
110
129
152
189
98
89
54
61
179
45
211
77
13
54
31
195
137
219
43
205
220
62
183
137
55
140
76
173
90
197
0
88
0
254
24
253
10
67
234
233
106
210
24
9
183
67
13
39
179
152
32
195
81
120
10
170
35
13
10
187
194
140
153
178
50
90
171
149
99
115
50
162
241
219
169
250
157
205
29
94
10
232
94
66
163
151
22
34
13
10
106
6
109
236
9
110
185
215
185
241
38
237
94
109
169
68
144
149
10
4
88
163
124
202
218
155
227
14
73
93
15
81
101
7
169
243
91
214
44
207
59
181
229
145
63
120
253
182
104
165
32
210
71
237
140
64
140
166
105
183
129
112
200
150
231
246
136
98
13
10
223
111
81
62
235
44
13
10
53
33
128
108
11
126
196
206
181
251
229
77
4
148
166
38
184
30
123
250
206
234
241
239
132
155
113
31
64
212
245
167
233
83
230
54
161
123
34
7
101
127
183
94
153
141
97
215
173
31
144
221
88
128
10
161
74
219
152
58
114
38
176
90
115
66
144
232
41
197
60
229
43
230
55
12
254
46
14
18
31
169
183
19
69
204
58
95
93
156
24
116
159
218
234
141
94
69
100
69
40
198
8
164
230
204
44
192
163
93
167
145
161
61
149
10
228
111
249
183
176
200
14
248
246
206
55
133
111
13
153
31
2
245
83
13
10
83
86
214
240
108
146
226
120
65
99
134
90
67
197
150
14
12
130
231
125
139
216
145
41
105
129
191
51
201
146
36
42
54
14
247
13
10
84
13
10
126
141
78
184
197
201
24
144
22
27
174
154
168
132
218
250
83
69
243
121
18
51
252
193
72
119
9
135
165
242
130
148
88
245
8
10
177
244
53
214
100
18
13
252
38
104
226
112
249
201
157
161
29
17
13
10
68
248
20
219
171
190
1
92
8
143
136
113
121
229
99
48
205
142
27
123
181
10
15
228
172
178
60
244
60
95
13
240
255
38
129
175
155
135
137
35
27
13
10
13
10
96
244
131
158
102
107
40
127
13
151
153
129
131
108
82
95
208
29
43
30
156
103
214
155
43
249
130
54
159
222
251
210
226
100
105
165
239
200
222
7
98
205
140
154
190
180
115
216
231
112
82
106
84
165
10
225
79
80
24
183
40
13
60
230
165
4
20
183
140
223
163
21
156
225
204
187
10
223
112
242
251
47
223
240
233
135
120
4
178
193
233
231
29
14
183
236
155
149
138
151
137
108
239
127
47
72
13
161
53
242
126
12
61
82
32
8
192
176
141
17
25
77
24
31
110
22
123
70
176
34
18
246
52
13
10
147
13
111
169
122
229
125
13
205
211
24
221
2
211
155
152
114
128
124
13
71
107
52
254
211
120
102
129
16
13
190
249
189
220
44
22
168
158
105
11
13
112
122
83
0
241
169
52
179
165
206
113
214
167
48
138
140
206
80
13
10
125
116
85
10
135
107
178
97
87
25
82
140
33
13
53
89
253
12
172
153
91
88
161
89
148
49
247
154
64
13
10
108
215
79
142
231
163
175
133
251
95
210
78
137
146
255
90
78
225
1
196
205
179
132
179
7
234
179
75
171
245
99
155
207
141
157
51
28
122
77
63
115
226
175
147
3
31
103
24
2
190
32
17
216
86
123
138
110
72
36
145
116
197
252
241
221
17
91
120
16
128
213
26
19
137
184
27
167
23
181
99
198
138
33
188
210
124
50
20
44
191
248
212
180
106
132
113
66
96
40
247
9
248
80
80
23
22
75
140
200
61
19
101
255
203
236
185
52
229
58
79
211
18
24
219
135
236
21
209
79
234
60
39
116
102
10
157
168
68
48
197
120
56
79
218
221
125
246
221
37
164
248
13
13
232
10
107
208
144
117
13
169
147
131
81
212
128
13
6
33
76
141
123
120
44
21
10
6
202
176
70
22
68
118
196
194
93
12
114
42
34
76
203
95
245
197
67
10
53
230
104
157
13
10
240
204
115
22
235
16
237
254
72
222
85
116
10
33
11
119
29
148
87
137
55
68
93
43
92
16
248
195
85
148
148
150
156
205
181
138
201
64
127
103
10
173
10
169
177
136
59
21
22
248
28
54
52
199
221
136
70
136
248
68
21
21
180
111
162
249
187
199
173
15
248
213
102
168
234
194
119
162
61
13
10
194
106
188
95
129
165
41
48
118
245
13
97
181
177
154
231
27
22
65
61
118
168
162
126
58
133
156
141
119
152
134
126
133
140
87
224
195
193
5
184
71
23
190
121
235
10
13
207
76
131
93
252
64
204
166
98
188
198
247
235
154
59
13
10
26
87
12
61
224
0
107
68
179
10
219
209
168
0
1
151
152
13
128
109
176
126
211
42
127
84
142
118
147
80
111
13
43
165
65
49
65
51
151
15
204
223
133
249
187
17
207
155
161
165
208
126
175
198
201
221
182
161
252
102
95
32
160
139
145
245
139
89
175
24
109
10
13
10
193
65
12
96
133
246
25
13
149
186
162
3
232
116
1
55
122
139
135
6
193
228
201
95
31
6
99
136
17
51
98
27
239
181
238
108
237
83
223
228
21
157
111
98
185
87
139
158
81
201
166
62
201
29
165
85
94
37
74
32
6
255
129
44
40
49
208
183
152
74
166
252
228
248
61
4
220
200
71
97
158
31
243
70
227
107
162
90
214
65
96
209
141
15
71
207
45
200
133
10
95
168
175
179
217
199
27
236
43
249
178
196
150
72
222
111
54
222
145
189
206
197
146
31
140
106
228
101
41
38
71
79
83
217
76
149
27
235
163
251
245
13
10
167
200
185
80
129
26
247
68
241
111
13
10
48
29
94
238
181
26
141
225
125
243
109
10
49
176
111
160
11
96
142
217
239
7
153
245
197
92
13
10
69
130
59
144
45
108
6
117
210
201
16
25
244
19
12
15
244
13
10
13
185
203
17
80
167
178
67
30
147
72
187
40
213
41
185
8
45
126
195
195
230
122
28
14
38
89
242
120
12
63
6
108
143
189
49
12
147
206
12
91
33
228
209
100
87
95
32
65
173
174
91
142
154
221
200
150
217
189
153
151
55
206
160
184
41
192
63
238
47
193
10
150
210
140
196
95
156
196
114
108
40
150
68
13
113
241
242
132
8
123
137
13
10
102
157
106
114
149
171
58
54
188
21
235
62
229
45
13
58
158
247
224
92
234
11
178
151
97
144
214
42
70
255
182
232
54
97
66
76
96
206
106
130
164
92
252
54
228
44
27
73
2
57
58
238
253
101
36
209
121
36
77
119
145
162
13
241
13
75
251
54
90
59
156
59
133
187
113
128
15
10
87
201
177
194
22
201
179
101
14
38
20
13
1
146
198
128
26
226
22
104
221
184
33
189
142
167
189
59
51
239
48
54
103
196
117
119
81
63
92
19
141
100
173
123
145
33
77
173
241
224
131
71
83
13
206
196
71
249
56
97
37
151
104
171
17
36
118
10
2
128
140
137
74
123
51
192
98
186
253
154
62
230
231
128
157
52
133
52
6
46
109
254
74
212
108
102
64
73
10
234
84
51
179
123
212
120
44
27
241
33
55
155
30
9
62
118
202
163
234
46
36
175
10
242
198
181
184
217
248
144
234
57
31
219
20
192
52
140
5
71
201
9
214
145
122
176
78
182
249
57
107
207
89
101
106
37
136
1
94
188
197
83
87
127
96
93
36
147
249
48
70
76
152
51
36
148
171
199
220
44
191
191
59
51
235
18
145
235
128
201
132
11
234
106
7
143
123
174
37
227
21
170
228
109
217
227
149
49
9
208
154
197
204
95
33
106
183
171
233
183
89
194
113
101
202
169
13
2
111
81
5
172
159
88
14
236
73
61
0
224
254
58
105
225
251
191
179
220
124
215
102
235
120
209
240
58
60
49
20
1
13
92
133
35
241
21
104
149
67
219
54
130
222
220
222
124
244
133
182
231
238
10
14
202
233
249
92
242
119
79
19
13
10
73
59
76
142
56
37
255
121
222
190
66
232
107
90
17
113
26
92
162
231
112
221
81
145
99
236
214
71
99
128
166
68
234
108
13
104
76
243
231
181
228
121
48
38
46
184
159
8
234
8
152
225
32
48
249
158
241
206
151
18
10
38
51
55
229
56
69
67
233
13
10
82
55
212
181
10
78
84
233
191
197
212
157
179
226
255
124
243
219
239
145
218
98
153
188
114
246
249
32
203
189
9
9
45
59
142
197
190
6
2
104
219
114
244
112
248
159
163
133
42
163
10
236
226
144
252
117
20
99
214
13
10
120
159
93
83
181
13
2
89
115
104
184
16
107
30
42
35
55
13
29
195
56
17
246
157
37
238
5
166
229
167
54
213
150
174
102
10
129
12
10
250
5
155
255
10
75
59
123
215
38
85
253
58
160
144
230
160
166
111
68
123
117
20
36
173
75
88
142
253
63
149
150
36
126
52
172
13
10
27
120
223
255
21
19
211
246
213
69
255
21
83
29
61
74
204
91
65
32
122
164
226
238
30
135
176
60
93
102
87
1
27
158
47
69
188
93
240
33
126
36
19
30
17
106
10
68
220
221
221
45
24
64
105
77
30
48
52
39
201
64
10
177
156
116
186
27
205
6
155
133
186
70
103
214
128
45
13
13
10
231
136
67
17
16
105
13
10
91
203
95
112
78
165
24
10
0
70
129
24
171
112
104
28
250
167
183
109
136
75
244
217
88
169
14
171
199
133
89
144
146
32
151
116
13
96
164
143
252
139
100
10
78
84
252
43
110
178
30
53
104
123
75
129
80
4
157
215
13
10
28
2
112
174
197
77
218
252
215
44
80
76
101
151
118
236
13
10
14
10
24
13
10
62
73
48
133
56
23
18
26
247
214
20
218
244
164
79
244
30
244
112
16
74
219
10
116
93
45
74
10
89
119
143
130
84
119
36
187
69
19
168
18
77
112
152
73
156
226
246
54
199
43
125
85
196
127
150
208
69
156
190
143
195
113
192
131
3
110
251
227
131
165
131
61
139
180
215
206
249
87
137
20
143
161
38
25
62
134
125
217
122
11
218
111
126
223
153
181
163
103
158
13
93
242
10
187
124
144
225
103
1
9
188
77
91
13
74
48
143
94
164
223
211
140
11
44
251
146
176
234
128
208
168
123
164
236
194
5
240
74
36
51
150
197
13
107
111
57
48
10
229
10
159
108
214
222
245
153
110
107
109
42
13
10
24
118
13
10
183
195
111
145
253
59
140
107
23
99
47
10
13
51
66
34
149
242
115
168
133
14
14
7
202
34
210
181
102
55
1
10
100
13
179
149
230
10
19
62
197
144
18
14
177
113
131
238
82
78
116
152
95
70
66
103
148
62
120
249
27
215
194
150
101
82
174
118
45
172
209
147
88
151
105
151
30
42
116
10
215
91
215
33
219
52
48
118
10
101
99
154
62
56
163
62
92
67
72
148
10
221
188
195
126
64
136
159
199
25
52
16
33
165
243
9
254
215
110
130
242
54
235
39
36
83
51
54
34
150
238
195
127
77
241
43
199
16
159
0
148
211
108
110
42
13
10
96
168
15
54
179
117
219
18
211
174
139
102
226
147
4
233
20
46
72
13
99
164
255
161
164
115
45
173
13
67
50
5
203
129
58
62
2
141
123
40
10
10
250
132
164
52
128
139
180
101
183
0
99
168
157
56
73
165
101
207
165
220
220
92
210
114
234
245
201
167
128
214
120
10
76
48
112
13
202
80
138
125
52
122
206
164
155
40
215
120
200
230
248
58
92
87
233
130
37
144
171
179
122
134
213
62
159
13
67
134
166
17
172
49
75
122
61
162
181
143
240
13
10
59
28
16
31
79
233
225
114
50
43
54
171
219
185
90
10
180
231
217
78
16
161
132
162
198
220
1
20
186
244
38
237
182
163
11
69
209
57
225
247
5
16
32
97
198
72
220
91
142
242
40
91
35
13
10
200
66
35
119
217
121
201
45
21
148
194
205
30
156
40
171
241
10
2
80
40
212
168
195
212
123
207
171
195
13
183
238
167
67
15
233
177
10
204
18
137
151
2
243
149
142
155
201
157
9
131
10
13
13
10
152
166
131
70
19
93
91
59
153
92
12
254
225
96
253
32
77
124
205
40
13
10
150
211
214
233
249
163
82
135
67
169
165
124
130
97
247
83
151
105
246
33
137
200
218
133
47
89
233
115
10
94
232
195
4
49
81
13
139
196
150
166
113
107
235
231
158
31
110
68
132
35
48
111
13
7
58
105
16
231
35
215
179
129
156
36
210
10
113
214
4
152
179
10
49
233
31
189
55
98
114
172
155
196
23
239
132
169
0
2
180
157
95
132
74
140
205
130
29
114
21
130
38
223
214
78
185
251
191
212
124
161
78
51
66
211
23
230
55
235
179
250
65
217
222
105
13
163
255
99
77
21
240
164
111
71
253
124
10
111
135
166
212
86
196
76
60
205
87
10
97
248
185
127
169
46
249
144
184
182
84
19
23
55
19
83
209
255
179
26
16
114
218
253
187
172
246
61
77
46
181
177
43
10
117
100
79
134
16
148
207
192
101
31
132
47
63
90
221
219
11
13
10
171
71
211
162
219
168
206
40
180
150
140
225
227
17
107
100
13
94
251
248
98
97
207
49
117
38
34
66
32
251
134
131
102
247
135
178
32
215
104
106
222
177
237
52
173
84
58
214
132
220
174
116
87
97
27
30
160
246
172
1
201
28
181
86
67
140
132
144
199
99
113
173
167
79
234
246
62
82
132
102
91
167
146
227
222
185
197
52
142
57
76
207
26
114
121
246
200
77
112
119
35
40
136
199
166
164
18
91
154
128
13
60
79
142
41
159
81
75
136
163
66
68
114
228
145
86
93
145
207
72
250
204
206
247
118
165
216
235
24
116
219
232
224
228
136
160
40
104
146
107
210
252
100
182
31
115
20
62
13
13
10
215
245
195
39
51
225
154
53
10
13
169
40
70
175
63
72
237
10
249
73
155
5
190
137
155
221
224
184
13
252
10
48
247
95
122
223
222
49
54
181
148
196
237
95
52
107
181
48
67
180
80
228
128
14
156
164
195
239
54
148
49
168
21
29
142
120
20
252
63
135
234
236
13
72
87
201
115
36
10
22
52
248
196
173
226
218
30
178
13
121
67
70
38
229
221
70
94
10
205
226
185
68
216
194
222
200
13
22
13
10
195
55
52
164
13
10
73
156
241
8
85
249
225
235
185
127
27
197
88
214
122
239
170
209
13
165
107
107
152
45
240
1
34
110
171
190
234
63
142
173
114
155
198
172
234
114
95
19
56
242
122
197
238
173
188
239
123
130
33
103
236
18
171
251
242
184
239
6
213
239
178
238
233
246
119
140
200
12
25
13
10
37
206
34
216
127
218
112
62
22
89
174
129
155
15
167
165
188
13
10
24
225
0
107
13
10
81
87
57
125
215
145
238
112
157
164
218
10
8
190
10
164
130
75
119
130
140
57
118
13
10
13
10
244
145
168
242
178
148
19
181
240
147
110
235
73
78
179
134
218
16
92
13
229
146
241
117
226
162
214
13
10
13
74
69
171
161
113
249
42
208
211
4
99
157
13
55
9
7
231
211
49
73
153
126
177
50
87
218
75
198
118
15
192
23
101
249
56
33
148
20
190
240
244
134
55
13
226
31
235
70
1
72
30
211
10
0
219
11
227
37
249
164
233
221
41
101
255
167
239
171
50
135
138
133
221
226
114
93
45
245
225
250
30
129
120
162
206
123
88
236
61
198
144
232
255
185
151
105
219
25
221
113
152
97
71
217
169
122
35
31
13
60
209
36
149
140
54
15
231
222
112
242
145
231
179
45
10
86
99
158
54
138
249
170
220
16
232
188
123
11
179
178
113
217
26
220
13
10
88
204
10
92
13
10
94
209
191
18
245
54
10
211
184
63
14
241
219
152
156
26
46
55
77
211
211
201
49
124
60
244
192
13
69
53
52
125
121
160
20
76
38
160
47
22
162
119
172
128
132
149
144
116
39
134
205
210
116
140
165
225
88
248
249
209
59
10
129
13
75
137
224
18
28
121
91
24
250
27
238
105
43
65
35
175
130
44
5
54
220
101
99
55
161
190
129
198
55
203
87
169
135
90
91
220
169
95
133
60
215
199
88
75
68
58
149
111
116
13
60
221
86
233
211
13
100
22
90
100
182
51
138
59
128
156
145
74
221
167
194
97
85
7
243
14
60
225
155
25
13
235
121
228
16
2
166
3
72
211
173
13
10
186
86
218
91
96
223
188
242
185
164
170
231
10
250
252
80
218
123
10
8
228
67
205
204
196
18
160
70
102
166
222
5
13
10
108
114
65
185
160
141
251
35
46
94
105
173
230
88
125
123
69
165
109
62
29
149
217
44
207
83
171
177
182
189
10
31
39
86
31
100
254
218
21
190
227
97
129
51
78
119
235
155
159
127
220
190
67
236
169
157
34
211
103
156
168
4
136
10
195
165
78
26
243
160
24
68
60
11
238
146
29
13
10
140
203
10
180
149
235
235
96
90
181
49
36
159
54
60
122
13
125
84
90
50
156
186
13
187
124
242
243
50
217
47
174
255
176
98
31
233
13
134
73
137
162
185
169
139
95
131
21
212
43
20
196
233
222
203
90
84
136
113
75
86
13
170
10
14
182
16
8
245
222
111
173
71
101
188
163
130
158
133
175
132
242
172
173
251
184
47
253
250
70
201
137
248
165
187
108
72
182
156
66
69
209
55
190
124
53
162
236
77
115
182
168
43
28
6
224
147
10
28
181
93
58
9
44
169
104
56
40
188
37
227
198
39
243
215
32
65
231
13
246
128
13
133
242
147
58
154
92
246
184
123
203
76
68
227
93
82
185
152
123
14
36
209
130
167
172
100
172
96
201
109
245
106
112
19
245
247
16
38
67
75
173
118
40
202
178
83
209
161
10
13
10
214
5
170
64
153
60
246
108
0
120
254
249
1
40
147
229
176
113
76
203
203
173
60
13
142
180
97
226
131
217
64
194
166
37
164
212
234
10
219
210
36
225
69
13
10
84
185
44
145
140
11
119
57
92
121
136
81
105
230
188
105
230
235
103
119
167
230
233
28
198
13
66
84
228
81
249
79
245
203
116
233
99
32
95
63
191
16
183
198
31
186
181
27
49
250
188
5
144
94
238
164
252
10
40
11
99
10
13
28
74
238
102
185
149
111
110
228
224
36
82
152
46
165
143
11
62
166
202
128
198
203
12
147
225
9
249
89
142
70
121
240
11
177
227
235
178
190
86
98
10
10
218
94
204
119
28
131
58
160
40
115
154
85
50
225
163
173
13
10
53
85
168
108
63
40
104
238
99
176
2
242
124
1
179
130
101
103
37
167
72
101
145
41
96
8
176
65
69
220
212
229
94
70
95
134
81
187
64
91
10
149
26
45
50
52
88
29
174
94
191
60
174
250
56
13
37
183
72
83
210
165
33
103
200
66
34
247
6
172
88
76
108
145
108
208
190
188
118
207
23
244
10
85
103
97
124
239
213
229
43
64
34
4
49
144
255
13
10
10
67
188
247
13
192
93
61
145
76
88
54
141
132
119
140
196
200
186
25
236
10
178
21
206
255
85
78
223
202
67
28
201
140
84
61
31
243
143
155
43
192
46
58
164
254
14
164
16
69
245
0
180
190
57
9
4
77
56
133
13
197
94
186
1
21
89
183
30
48
117
42
248
228
134
27
237
239
1
150
220
180
35
1
243
54
215
73
115
13
10
107
101
80
238
219
163
143
224
39
101
46
174
22
101
74
68
23
109
68
234
83
42
129
192
197
203
239
41
59
170
237
25
0
113
219
232
42
170
37
181
40
73
86
75
38
210
177
61
10
210
19
134
252
184
197
22
1
166
199
197
117
156
145
15
194
179
78
245
191
215
65
192
213
52
204
182
244
104
130
246
32
12
19
207
127
16
243
77
222
57
216
99
114
47
202
228
133
172
127
15
226
223
73
131
28
79
169
13
101
197
21
64
31
138
48
72
210
54
240
215
90
13
163
243
55
59
11
130
240
109
255
189
163
169
151
39
170
109
187
120
108
102
235
23
211
77
94
13
10
48
56
49
58
99
123
100
66
191
184
252
8
110
150
176
14
99
168
13
217
209
249
233
44
113
162
179
22
96
103
208
176
153
0
159
111
68
154
13
10
165
126
161
146
192
10
4
126
192
147
10
62
129
96
191
158
169
87
93
100
79
223
238
149
138
211
201
122
214
158
110
252
110
38
222
57
148
164
1
21
217
233
13
34
25
135
108
183
24
136
221
13
10
11
22
240
212
88
231
138
118
69
200
200
1
39
101
43
63
13
131
11
83
57
137
131
115
192
255
89
125
84
237
10
13
23
117
116
94
209
217
149
149
7
230
10
185
84
79
89
192
168
10
33
90
7
209
46
13
177
10
45
189
131
184
182
85
176
18
13
225
22
242
249
62
63
