15
37
7
90
16
19
18
34
15
7
1
9
32
18
58
16
65
15
11
54
19
1
14
12
1
14
9
18
48
30
14
17
7
2
26
19
19
2
93
5
7
16
4
12
1
3
10
11
11
1
16
5
118
15
2
4
4
6
134
12
19
8
15
14
20
75
15
98
19
11
19
12
20
11
16
4
51
11
13
8
7
19
18
3
11
5
9
12
19
12
95
15
10
19
16
146
7
102
4
7
12
1
10
55
69
95
48
142
19
10
9
11
9
4
117
6
3
16
17
9
6
7
6
7
6
12
4
17
11
14
102
7
2
9
10
2
19
6
16
8
45
14
16
10
15
13
125
17
1
6
15
13
6
9
17
97
6
10
42
6
82
7
19
5
135
34
5
8
4
69
15
12
15
86
51
117
2
3
33
13
66
4
75
69
23
12
11
8
6
20
6
8
4
147
122
11
3
6
17
5
138
9
20
3
17
2
1
10
61
4
55
18
10
6
85
11
3
1
12
14
10
15
113
20
125
20
13
75
138
16
4
9
4
2
1
10
11
15
9
2
15
15
10
16
86
11
12
100
13
128
136
8
12
13
20
19
91
19
13
7
4
13
62
1
51
15
12
141
73
20
6
10
138
9
119
112
11
108
18
6
3
3
18
20
17
13
8
66
9
13
20
3
19
17
130
15
12
8
2
129
20
15
15
17
18
20
3
12
13
23
19
11
8
1
119
8
17
7
18
105
15
16
17
16
2
3
20
17
20
11
3
15
126
14
4
9
10
11
5
19
10
15
6
20
20
17
15
84
1
20
8
6
8
6
4
79
3
17
11
3
86
20
8
13
108
77
53
59
4
18
80
120
14
9
125
10
16
15
80
7
6
37
140
13
64
73
1
10
19
9
8
1
77
126
12
17
118
5
16
6
49
10
2
8
10
32
7
15
19
12
4
16
7
9
11
14
1
5
91
10
2
18
16
15
10
60
3
13
19
9
16
14
17
18
13
18
18
17
15
7
14
1
68
3
8
145
1
88
129
35
1
18
20
59
14
5
15
138
22
136
8
17
16
3
9
3
56
15
10
15
8
10
4
96
84
5
4
2
19
4
15
7
50
14
135
17
122
39
10
34
19
14
12
98
17
19
45
20
10
14
6
14
6
9
1
17
5
82
9
6
9
2
129
4
51
3
19
106
6
13
18
17
2
3
9
16
4
11
16
12
36
14
19
11
18
13
15
1
10
19
16
12
16
14
3
4
4
1
5
2
17
80
8
15
8
2
9
134
20
26
121
32
18
12
19
6
20
109
8
19
12
12
19
20
17
20
1
96
122
78
3
3
8
15
88
10
14
14
43
4
37
6
11
9
5
124
45
44
144
5
17
9
20
8
4
15
3
16
11
6
2
10
115
7
2
10
14
42
18
128
6
18
144
17
6
118
12
12
2
3
14
3
2
18
82
20
6
137
7
4
132
9
6
82
8
150
82
81
1
17
3
6
18
20
107
32
85
14
3
20
19
15
16
11
9
20
9
13
9
13
13
95
5
12
3
18
10
13
5
10
134
19
122
18
1
5
5
93
9
1
12
22
88
16
17
11
33
8
4
12
1
13
16
4
1
6
18
16
6
6
9
15
17
4
2
64
99
18
4
2
12
16
17
6
13
9
11
140
10
140
12
10
4
11
14
10
24
2
58
2
131
141
6
10
19
17
93
15
17
9
105
2
4
48
16
137
128
3
12
18
42
67
4
10
11
2
17
20
2
11
28
137
96
89
9
5
71
11
15
20
10
43
11
5
5
25
5
1
133
20
66
7
34
32
11
40
2
19
18
13
13
3
80
105
10
3
10
131
138
140
8
18
17
12
11
8
3
10
24
17
9
132
10
3
18
133
20
6
66
17
139
11
4
1
4
10
2
45
20
15
4
10
107
6
3
38
4
133
19
73
10
13
3
87
83
5
19
19
17
16
15
1
19
18
11
9
20
3
54
12
9
3
2
46
7
13
9
150
6
129
10
16
96
16
6
115
1
71
1
6
17
12
13
73
106
32
10
19
9
16
18
11
1
5
25
5
110
17
13
106
11
7
16
14
4
58
115
17
17
20
88
17
16
2
19
14
18
9
1
4
39
15
12
2
9
86
10
20
39
8
8
17
19
10
111
17
123
10
12
4
11
18
5
13
13
54
37
4
5
19
15
86
2
101
15
4
16
16
96
14
19
2
12
17
63
10
5
20
8
4
34
16
12
10
121
6
6
3
39
11
17
1
19
11
14
50
143
100
23
19
14
7
18
70
6
38
7
14
9
20
14
14
4
15
13
5
135
14
10
18
9
16
14
50
2
1
136
23
16
64
120
14
16
11
19
20
18
55
6
7
4
37
15
15
93
8
122
121
20
147
10
3
65
11
92
9
67
115
16
12
9
1
90
3
4
1
18
18
12
15
10
2
5
14
12
20
8
3
3
20
5
18
18
4
3
96
7
80
7
19
3
10
19
20
108
7
2
4
85
13
13
1
18
8
5
4
11
4
3
15
32
16
2
12
13
52
2
18
10
54
33
10
109
10
123
7
14
14
114
18
17
12
72
97
126
9
5
13
69
5
17
11
11
6
4
2
10
15
10
9
3
12
14
20
13
72
12
125
11
17
7
86
16
6
72
15
5
6
6
8
5
70
50
13
14
16
141
11
14
2
12
10
18
32
83
2
15
9
113
1
12
6
17
2
132
15
7
1
2
45
13
6
5
15
16
3
9
17
56
18
20
9
5
127
10
20
6
5
20
15
1
11
16
73
8
20
10
5
4
9
75
42
15
6
18
12
9
20
5
14
20
16
5
20
13
25
8
15
11
20
19
11
5
5
6
87
137
9
12
2
6
18
18
2
18
10
9
92
7
6
7
32
5
36
62
2
8
20
20
53
8
89
3
7
14
149
130
15
114
26
1
9
17
20
9
4
15
13
74
69
3
111
14
18
38
49
14
13
113
3
8
56
14
18
6
16
10
34
13
4
18
50
56
11
10
15
16
3
2
5
14
12
20
2
16
9
6
13
17
112
14
129
7
3
12
3
9
5
14
9
12
26
14
16
14
6
59
1
58
87
13
17
6
18
17
20
139
10
10
24
31
20
18
6
14
142
132
2
7
12
4
16
13
112
4
56
12
14
18
20
86
99
2
13
9
5
4
5
4
13
24
12
1
108
2
2
16
10
11
2
56
18
7
13
5
4
74
12
59
8
7
19
4
1
59
94
1
9
20
18
16
10
13
17
9
20
7
5
19
1
2
84
7
6
59
5
7
122
20
129
20
17
124
13
3
15
14
17
12
9
16
9
14
80
7
54
52
12
4
11
12
5
15
100
3
17
7
18
18
13
5
20
7
19
96
114
15
26
12
7
5
15
18
43
12
11
8
9
11
7
2
149
9
12
12
7
125
3
13
15
11
53
20
1
2
9
15
146
10
9
6
8
48
13
87
2
11
57
5
141
96
15
103
1
78
9
4
20
11
13
1
7
15
20
20
17
11
14
55
1
115
11
9
17
13
14
7
14
11
17
1
5
3
5
2
5
97
19
8
97
76
10
34
110
19
11
3
5
2
11
15
3
1
19
91
5
5
13
3
6
15
4
18
4
133
14
17
34
65
101
13
87
5
18
18
18
17
12
3
80
10
146
64
8
20
19
7
19
3
6
1
20
15
3
29
3
6
9
6
14
11
97
145
13
7
83
1
4
14
1
7
34
5
4
47
60
16
20
15
16
4
1
12
8
6
3
16
18
1
91
12
122
16
19
12
5
2
10
19
16
4
88
91
8
36
1
89
18
14
17
122
9
64
14
19
3
18
6
16
18
18
46
59
19
20
2
11
9
8
12
11
16
7
5
97
137
18
1
41
8
9
16
19
82
15
10
8
11
10
51
112
82
2
96
14
19
5
43
16
14
4
9
12
15
15
5
57
1
77
11
136
7
1
14
20
2
3
16
19
1
2
101
5
15
17
18
4
16
2
8
12
139
8
9
4
7
20
12
5
17
136
15
6
12
132
150
8
38
6
19
17
98
20
13
15
13
11
13
11
2
15
4
13
15
35
6
3
5
16
15
6
6
13
16
8
76
7
15
2
20
3
3
4
5
8
26
4
19
17
61
12
17
82
14
13
3
90
77
12
3
8
3
7
19
12
57
25
11
1
15
5
106
5
5
19
15
4
14
7
6
62
11
2
61
42
4
7
8
127
102
2
75
14
16
6
129
5
19
20
1
6
69
19
5
1
14
6
28
66
1
30
67
4
20
2
120
1
6
18
86
12
83
13
14
73
5
6
100
6
9
2
64
8
14
20
12
133
9
143
1
76
105
5
19
6
1
17
15
13
19
15
18
2
13
5
15
16
11
13
18
2
17
18
13
20
9
6
10
1
7
3
12
27
145
20
3
7
14
101
17
9
10
8
16
16
71
14
108
66
4
1
77
17
16
9
3
123
13
49
9
9
12
2
10
14
17
81
11
4
49
9
14
10
58
12
4
9
14
16
15
104
4
11
15
11
10
6
20
12
19
124
17
13
133
12
14
10
5
32
5
9
2
1
3
16
10
13
5
4
12
13
20
12
3
11
12
3
3
108
127
8
16
14
5
59
14
16
16
117
110
99
15
19
20
9
4
3
4
126
6
7
8
20
69
9
10
2
14
88
11
9
12
10
3
12
10
1
9
5
4
9
12
9
142
8
2
136
4
16
12
1
10
65
13
16
19
5
17
3
94
12
5
16
149
19
15
19
19
4
13
11
3
14
7
5
17
64
12
19
68
14
61
8
3
10
24
9
19
17
19
10
106
14
10
148
4
43
2
8
9
129
11
14
3
3
5
5
6
6
8
11
4
79
8
137
16
1
2
104
2
7
79
20
34
20
15
17
17
14
10
69
40
1
19
6
12
10
9
9
12
11
3
1
12
100
17
5
66
9
82
138
101
20
10
11
15
16
17
71
97
12
18
5
19
14
2
49
56
5
2
11
11
6
106
135
19
14
20
4
30
19
2
17
6
4
7
16
119
135
109
11
14
122
2
17
11
5
3
17
94
10
79
116
5
9
18
16
19
129
15
6
5
128
9
145
4
13
4
16
15
13
62
13
16
14
13
17
13
15
6
71
95
14
16
4
14
7
20
11
18
10
4
8
96
9
141
9
133
9
82
112
18
2
8
144
10
17
140
16
148
24
51
19
7
5
5
50
52
43
93
149
2
8
69
13
13
20
13
15
9
6
15
26
4
19
7
18
4
12
4
65
6
111
23
14
15
138
34
14
8
14
4
17
12
12
20
20
81
13
12
11
14
4
18
13
18
3
16
6
1
18
8
55
2
16
5
8
13
68
3
16
16
9
3
12
18
4
10
66
4
3
4
127
8
13
85
7
95
6
1
17
38
18
12
14
9
147
8
8
7
7
5
111
15
10
16
20
16
5
81
19
9
15
16
62
16
61
9
13
1
10
15
4
20
10
20
17
99
13
3
6
10
5
20
18
5
48
1
1
56
17
139
10
20
10
11
9
1
11
11
14
109
7
16
122
5
19
130
20
10
18
20
17
3
6
12
20
10
17
143
3
19
79
11
20
12
1
20
38
33
6
10
46
13
19
31
63
24
15
6
1
11
14
18
110
8
72
18
4
5
5
13
121
19
17
19
7
6
4
17
83
17
81
5
6
16
20
1
141
66
88
17
17
130
1
20
126
6
17
11
116
136
19
11
15
31
33
13
8
20
15
11
97
20
6
19
14
8
10
9
99
35
13
7
45
6
2
5
28
17
17
3
12
2
8
1
5
111
20
80
6
5
25
4
5
78
12
120
7
8
12
4
16
3
5
8
18
6
15
136
137
17
9
14
13
33
15
112
5
12
18
8
11
11
5
70
52
65
12
51
3
8
4
27
27
108
107
10
83
14
5
27
2
73
19
7
107
16
16
128
3
16
100
15
114
4
14
18
11
17
15
94
10
4
10
2
12
15
24
5
7
85
54
5
17
5
80
3
6
6
20
13
11
20
3
8
1
3
90
2
18
12
14
2
6
71
14
1
1
18
3
2
19
5
109
2
10
5
8
13
6
18
18
7
3
79
116
5
33
7
16
8
8
5
3
129
14
4
10
1
1
37
1
14
128
96
50
7
17
125
9
5
13
8
19
22
1
1
19
94
8
67
16
3
16
14
12
103
6
20
6
1
14
143
17
8
9
116
15
39
11
19
133
113
9
18
5
6
19
6
19
15
42
16
17
17
18
19
20
15
3
59
13
8
18
17
12
15
54
16
14
15
19
17
2
4
82
16
9
117
94
4
4
17
75
91
10
4
7
6
25
5
54
20
11
16
11
2
16
20
16
9
100
9
17
7
20
4
19
10
1
10
117
81
17
9
11
2
16
12
109
11
17
5
2
5
19
2
1
8
18
8
114
20
2
17
19
76
12
20
20
1
20
18
8
19
6
7
14
64
2
1
16
71
14
106
86
6
2
9
19
85
14
16
122
3
36
11
13
17
5
3
76
3
18
125
11
14
4
2
6
1
19
16
7
6
18
1
93
4
15
18
9
49
45
7
11
16
1
17
144
1
4
14
87
5
31
16
2
19
45
19
55
14
64
18
18
9
13
19
142
5
15
93
10
4
16
17
99
89
7
140
10
2
12
19
5
19
3
3
13
19
24
17
25
7
1
15
20
13
67
15
145
7
19
15
19
9
5
2
1
2
3
12
20
19
18
5
20
18
11
19
20
10
13
14
15
16
12
19
4
1
2
18
20
17
1
10
9
10
12
9
6
14
17
12
8
3
15
38
2
18
85
93
17
7
17
9
11
16
15
7
17
6
10
20
6
7
15
4
1
15
2
9
135
150
11
9
2
7
14
16
18
143
7
11
10
4
17
21
3
20
3
2
123
14
6
18
4
19
20
18
6
14
9
1
3
10
5
7
2
14
3
15
4
20
17
8
18
13
150
51
18
12
11
15
4
2
81
11
19
9
150
10
30
67
138
140
14
8
7
26
31
16
144
2
4
12
5
12
14
6
8
16
16
110
12
16
5
12
12
5
14
14
15
13
25
7
124
147
11
1
12
142
2
8
135
8
6
20
8
15
18
6
6
9
10
6
11
4
4
20
4
141
11
19
18
7
19
5
10
4
18
70
72
12
5
15
2
14
15
16
11
15
19
9
2
17
6
1
7
14
20
15
3
8
19
17
8
18
6
1
16
12
141
1
18
20
2
4
118
18
14
145
5
12
6
12
12
17
12
20
2
8
15
14
15
146
7
11
107
8
9
8
13
8
28
1
14
114
1
17
14
11
62
84
15
5
16
3
18
10
10
6
62
113
13
10
20
128
7
20
16
9
101
3
123
2
8
8
15
1
6
1
3
62
5
94
15
18
53
8
7
86
5
19
15
3
8
17
106
10
11
70
29
3
50
72
8
144
115
7
14
13
13
12
2
5
11
20
3
44
20
13
85
7
17
14
145
1
26
11
87
140
20
15
20
7
3
16
8
8
18
16
8
142
8
19
15
12
6
87
5
15
19
20
17
19
8
10
15
43
17
9
48
20
19
41
7
7
51
73
16
11
76
11
12
7
15
17
15
10
7
1
19
3
10
15
12
86
9
11
17
2
6
7
11
5
6
12
19
114
5
20
7
7
15
6
13
16
1
12
16
10
9
3
9
2
3
10
19
12
15
20
18
1
33
6
43
6
19
10
16
23
112
12
5
59
9
14
18
11
9
11
19
16
118
1
13
20
11
6
4
17
13
2
3
11
6
14
134
3
5
1
8
1
8
114
7
20
99
3
20
14
117
8
7
10
4
16
94
3
118
5
4
5
7
31
86
4
91
4
1
11
77
12
3
10
19
19
16
2
19
20
1
20
13
9
2
20
37
4
6
15
50
6
56
15
10
19
100
12
7
139
15
5
17
6
69
20
12
15
19
23
36
101
6
2
12
62
12
4
6
18
20
5
12
13
2
3
19
19
4
3
117
12
51
1
6
14
35
1
16
3
83
7
74
17
135
19
58
15
10
11
18
15
12
128
4
6
1
18
2
20
7
66
6
15
22
94
77
12
14
13
3
10
12
15
15
1
17
103
10
13
69
8
6
3
8
15
8
2
17
3
9
66
10
19
1
7
7
103
4
85
18
18
8
2
1
103
19
35
11
13
115
19
1
9
2
136
8
19
8
10
138
13
1
38
49
10
10
88
17
66
7
4
2
150
43
90
3
24
11
16
3
95
15
20
14
19
11
73
10
18
7
10
54
7
9
8
67
5
140
72
19
14
11
115
13
13
14
5
64
6
8
6
2
20
15
3
1
50
16
113
23
1
3
108
17
7
47
117
15
72
11
17
131
17
48
9
138
2
85
11
7
8
19
101
5
16
7
18
112
99
14
112
44
3
109
3
17
15
1
13
15
5
12
2
3
14
17
10
4
149
10
19
127
19
9
3
125
135
20
4
9
19
16
8
17
17
3
20
17
8
10
9
48
9
8
11
68
19
8
9
9
18
13
18
18
19
19
9
8
11
12
7
5
9
16
128
6
13
10
95
4
5
18
20
11
5
16
146
47
7
11
17
8
20
8
3
109
11
20
2
16
12
9
19
12
15
14
8
34
84
13
20
18
18
81
1
18
9
7
18
1
67
15
1
12
33
87
6
16
13
18
13
3
91
20
42
12
8
6
6
20
4
9
12
12
54
11
57
44
20
1
7
18
9
12
136
14
10
81
3
8
16
65
4
46
19
3
4
18
1
24
20
12
2
16
20
18
10
7
11
18
19
7
1
58
20
1
12
111
11
35
15
13
8
12
4
74
11
7
15
2
1
2
14
10
20
12
10
10
12
13
11
3
3
14
10
14
9
125
16
10
15
8
8
17
3
15
3
15
5
5
150
9
16
8
123
5
6
69
7
8
140
37
12
18
14
13
12
13
25
20
3
14
8
3
32
4
12
20
23
5
110
7
54
21
15
32
6
19
12
95
12
62
10
19
11
113
127
6
13
142
3
6
8
4
18
8
10
15
10
16
10
112
31
13
10
132
11
48
6
19
18
89
20
11
12
15
18
16
9
19
20
2
16
35
14
97
11
3
9
17
9
61
5
19
12
39
16
38
16
36
7
7
8
2
6
11
18
89
10
11
10
7
11
5
14
17
17
12
24
1
14
20
34
12
50
11
5
11
6
1
5
9
11
4
9
16
18
13
3
83
8
18
20
12
26
20
44
24
111
14
1
14
16
10
5
15
17
15
4
6
2
3
82
75
15
100
4
10
1
5
10
15
12
6
11
94
18
8
60
4
4
3
4
3
1
14
14
7
12
13
11
22
133
18
59
54
96
16
20
17
116
16
5
15
44
17
18
17
18
19
7
1
2
1
17
12
132
5
4
15
13
77
9
18
10
44
10
52
8
16
18
20
11
84
5
9
74
5
18
19
14
8
20
11
4
8
89
3
6
3
109
115
29
20
45
59
10
4
22
39
122
12
20
12
81
13
53
7
18
1
11
3
3
15
4
4
26
50
14
57
35
7
5
59
10
6
17
136
137
18
16
18
10
1
20
2
11
20
18
20
13
6
15
5
16
20
149
15
26
8
67
14
111
17
4
12
9
92
20
3
18
78
49
12
19
8
5
81
18
1
17
8
5
11
4
17
19
16
8
1
9
28
12
17
17
1
9
8
7
11
2
7
14
9
10
8
14
2
6
20
42
16
8
2
3
14
8
18
31
95
7
20
2
3
4
11
7
7
5
15
48
12
14
7
2
7
124
12
8
17
13
1
72
20
6
6
7
18
7
14
16
5
140
6
10
31
12
2
7
5
3
44
2
2
14
51
10
83
19
14
16
66
1
19
15
16
13
6
7
17
6
14
5
13
4
2
12
13
57
20
102
7
4
1
5
5
17
11
11
7
16
52
16
3
56
5
11
1
31
4
1
1
8
16
18
7
11
10
7
18
3
11
49
150
2
11
7
52
7
8
10
17
16
52
142
18
6
1
9
5
15
2
110
5
8
16
81
3
18
2
20
20
29
68
11
2
6
16
17
1
14
17
1
133
1
20
98
148
20
9
5
74
17
10
10
6
6
11
19
142
19
19
112
15
14
10
17
20
14
60
16
13
7
15
20
16
17
8
9
1
71
15
20
52
96
7
2
134
4
4
134
2
9
6
5
21
12
4
136
17
12
14
18
116
89
3
9
17
20
19
17
55
3
5
11
8
89
115
16
19
2
3
16
10
1
8
17
10
8
4
36
7
59
14
120
35
9
99
17
10
13
20
34
54
9
13
43
6
19
16
2
5
118
39
9
11
8
17
9
116
11
17
115
5
18
18
15
7
8
17
20
20
7
3
3
5
19
11
16
20
5
14
2
9
4
11
17
20
9
8
46
124
9
7
7
4
15
5
128
37
17
4
9
19
18
17
146
9
20
11
17
12
6
13
8
33
7
37
16
11
16
19
8
13
18
6
14
15
7
17
5
6
8
2
9
3
16
12
20
91
59
12
13
19
11
73
18
67
7
36
150
12
13
10
16
64
18
11
18
2
17
19
2
72
62
6
8
16
31
8
15
144
12
13
20
16
17
8
14
5
7
12
9
12
12
8
11
10
9
20
5
15
148
26
37
11
17
62
15
10
1
6
21
17
15
132
5
11
16
3
11
6
16
18
3
6
19
5
12
13
18
53
5
15
4
6
19
13
3
13
8
11
72
3
10
12
12
54
2
29
2
12
1
45
47
82
10
37
14
9
4
114
1
10
47
1
5
117
10
11
137
136
44
9
3
21
13
17
11
1
20
5
1
5
4
1
3
10
6
5
1
7
4
17
102
1
1
83
17
11
15
9
1
52
7
3
6
12
84
9
9
8
40
7
2
10
11
5
4
12
9
139
8
1
14
85
14
20
11
9
11
6
140
4
7
3
3
14
6
18
67
10
80
133
1
36
8
1
8
10
7
3
18
10
8
80
129
5
13
2
19
12
17
143
18
8
17
15
11
16
75
18
14
1
11
100
2
5
19
115
65
1
3
8
15
6
91
26
17
14
14
11
1
37
10
5
13
19
5
17
6
14
8
8
25
1
5
6
63
14
20
10
19
78
4
10
15
89
12
19
15
16
16
88
1
17
3
3
11
45
9
104
5
14
11
20
5
8
1
6
4
7
9
15
8
11
18
12
14
3
17
53
59
17
5
54
3
5
2
20
16
136
9
10
13
12
10
1
13
14
16
30
15
104
11
13
16
20
11
102
58
59
1
11
108
8
19
4
5
26
87
96
17
1
6
1
17
12
11
148
4
3
7
19
125
9
20
9
109
1
14
14
14
8
11
