100
-445 -350 -408 -306
8 -206 320 22
454 542 525 550
-204 209 -194 819
579 -130 684 351
-114 -149 -99 -124
-652 348 -441 932
-708 -666 -674 -659
-757 -797 -740 -787
-839 -814 325 -708
820 747 830 797
66 139 114 187
467 54 830 83
-962 -988 -955 -951
871 112 875 812
957 887 991 968
790 743 814 746
369 460 384 490
-902 -899 -837 -890
-652 172 -629 195
-468 -352 -405 -292
-519 -438 -513 -364
-384 -163 -380 981
-723 -658 -598 -421
141 236 143 262
-17 -80 -8 -77
114 202 118 221
50 32 63 39
427 520 442 526
-676 -574 387 206
-405 -281 -390 -279
-111 -684 267 -623
-532 -339 340 -304
854 818 888 861
-3 -948 548 873
-891 -304 -722 96
-735 -704 -734 -670
160 -817 414 -53
85 -990 368 940
-187 -266 727 351
45 -57 47 -28
-240 -305 196 -21
541 593 574 607
-292 -583 -90 736
-285 -251 -258 -250
-566 -530 -564 -461
-172 -161 -160 -150
-936 -336 649 372
99 -988 335 954
-596 -984 859 250
896 862 946 874
171 276 177 311
-116 -901 713 517
-941 -922 -932 -908
-211 -221 -194 -201
-411 -802 211 -789
28 -762 578 576
-954 -860 932 -660
215 313 243 349
-553 -948 913 253
-838 -33 -3 -19
-573 609 359 646
-830 -878 -803 -829
-929 -848 -200 -540
-238 812 201 937
-247 -987 204 729
-254 -245 -237 -235
720 -828 799 -567
-995 -911 -987 657
-499 387 891 539
-57 -942 769 336
-867 -46 250 241
-627 -653 -588 -596
-737 -500 188 684
-968 -126 -445 381
-352 -269 -316 -254
-476 -556 94 -291
-108 -85 279 170
-84 -108 -23 -89
-858 -320 497 501
-189 -178 -174 -164
-549 -876 863 -433
-715 -241 329 630
66 109 924 132
-678 -643 623 -257
736 667 743 697
774 718 785 729
-312 -308 -74 228
-742 -466 -671 825
7 -65 12 -62
-558 -459 -529 -454
-527 -945 303 977
329 430 352 449
592 636 685 638
-469 -352 -445 -350
-688 300 -651 788
266 404 298 426
-492 -474 575 926
26 -485 646 -454
-963 -131 1000 103
