1000
37
41
45
268727
413878
441661
371263
163090
154244
347784
141648
380940
391976
296792
246805
305394
123042
244830
422058
484004
60997
459207
347455
341760
441383
389931
393964
319143
323161
445402
47913
347561
128190
182521
93671
146840
328271
264468
54970
321474
46819
196427
292825
391984
216021
492992
368683
86458
304975
252660
284526
424086
37010
329955
178744
440242
369089
1527
223225
123495
133082
432240
35228
114268
260124
91543
397562
182112
132371
86627
100403
134067
153574
368167
427380
339418
484592
119627
418328
440828
416123
443088
67414
90793
53236
496405
412042
254077
476967
307656
416023
32412
107498
414452
420027
178826
493368
326708
320000
441498
229470
37269
497001
342667
139330
57270
215646
291260
147719
466787
189267
407044
380571
102232
401873
267164
152735
398031
388335
81297
41665
137174
223973
445170
440342
28868
288218
186604
473214
235641
464250
387582
173661
145945
30703
120702
394286
379800
290013
331768
403308
62113
255015
99637
30037
471445
264704
344869
24966
145818
26940
418022
300195
407880
282613
381459
181701
52227
224905
260250
149849
132875
121383
128244
28693
255405
22374
255779
343387
65037
25898
452517
126483
475095
403213
369911
153892
236640
13782
482098
239869
22292
121999
284084
268064
331530
51706
393932
261597
265823
362274
117217
469830
2174
169091
199517
48031
242537
111779
162202
43460
348798
276949
442639
94445
171616
28155
346130
61925
194270
459035
50286
83045
292954
247447
204754
242756
477957
9702
209126
71601
409479
57133
143221
430302
120530
184678
70707
442895
294981
464320
208323
496132
110412
470168
370482
213014
345037
31233
352304
456631
382802
476953
470986
464383
303059
192293
274335
457041
376869
35826
387266
256172
219428
106215
494789
453722
313016
104539
324429
109904
383204
230677
205545
229262
300105
13303
470846
363286
430259
364617
225106
50184
455127
24535
38944
134726
165952
53148
257952
444417
468197
467134
210572
248328
199045
276692
196077
76357
210869
480136
218334
413914
255768
54380
452792
461900
415986
379359
314286
256778
450309
63553
22785
284422
238342
126363
454125
291256
372175
36410
314405
222249
465306
358192
135891
461984
76522
347758
14928
244998
389436
474629
181374
345109
86919
353528
57650
423879
259637
330638
392745
466326
348550
118371
117814
150621
347496
107436
69813
194821
13388
346788
379194
146941
18348
229746
200281
112774
221710
464010
425497
232968
378333
317172
33542
167513
29481
91622
222895
86043
216755
457278
410541
377169
75258
148095
19551
79720
27496
346603
75349
420516
149004
100776
376125
312407
321237
398931
411637
428873
180167
271775
155850
444994
367686
323389
394253
458021
85523
237915
48282
445314
389364
147411
445472
293635
180644
301298
419806
264641
300529
423965
172106
448010
27100
28087
59929
261583
110991
325950
459495
282188
393902
133744
143816
88344
258413
38513
414305
149280
310267
404628
450921
446484
59274
115146
50531
131732
395840
23568
445878
481421
484541
456943
301348
394793
3941
188882
102562
253127
189959
421083
227364
309366
454519
91794
58552
456502
163838
239179
201622
15842
209612
307798
155174
378631
454239
221368
471269
480949
107669
199795
20311
233131
334254
478647
157479
434357
428903
472450
108168
401240
267283
209521
403221
198429
75323
389960
427888
397820
219595
297331
424748
289008
430124
387194
105932
369640
307475
374352
234455
64530
316758
423641
353617
482937
148817
216794
429634
280545
470225
442329
492721
248826
375539
159188
254972
408981
5284
315096
392016
475561
18753
126864
192824
18352
122533
29456
60270
471505
434692
492885
173829
271473
159410
300599
283672
123367
135232
380765
67235
451355
123937
341597
474179
169860
136060
337437
223468
155992
386127
269939
276043
473623
258336
26759
387816
36740
85805
230715
285789
18414
23199
396346
95386
12788
476877
63925
489313
141568
274329
374352
383738
10459
180828
264860
393669
144304
451783
266742
348358
417372
337081
182102
326195
326753
124447
71689
34702
262013
70163
375721
183073
295523
148501
309671
69598
389818
474724
449323
480662
230713
260127
120429
251369
15475
155210
433938
51853
269569
477470
52957
134755
31791
374748
150505
11218
92722
90386
454039
50222
207327
294149
402093
171293
165139
138687
481418
311712
463051
319505
4842
437220
67470
454136
444158
417384
118147
325608
214597
66256
215916
427779
193936
366471
395198
140618
469969
190169
219819
179015
125129
408476
190608
227380
44996
390818
97116
399539
190769
337963
185429
390900
126282
296262
313912
339159
357717
299609
7278
54190
248273
288113
78401
132895
409388
220620
51792
329256
139387
301688
244588
448220
92578
489543
457969
39914
470728
249500
115614
253223
298903
276962
158276
72459
358694
183666
371454
365243
233910
332221
194319
224082
72737
379158
52500
396696
401716
249047
270917
375397
68247
70652
287660
98497
131906
483151
30586
296508
279164
103499
38823
465462
236837
244400
353818
144402
48685
165611
443235
83304
406973
258976
192354
454928
439022
377870
51949
115870
239715
370129
365681
93250
73346
104630
264779
125442
495578
103151
472323
155205
142098
334794
187660
59076
228113
449311
353818
372310
340864
131944
178714
48104
456222
56250
212595
358892
174243
80080
326325
104256
369665
359630
284590
188127
179556
487658
122259
458415
148836
231425
136272
74412
475574
131437
154661
347259
365239
218248
141798
496064
176133
382081
87532
169115
184016
459902
496073
456736
487424
454361
308686
383794
272762
61299
120487
52843
409316
258999
172608
44083
110702
284167
48020
64098
146839
400314
71486
26278
3940
146273
177024
24876
58458
305466
384563
92930
280336
278657
495704
212247
474387
494113
462351
316124
222615
317427
197781
60821
478456
303826
252504
47017
135567
358093
94197
478298
58254
388751
238500
21477
1159
84519
264417
465480
36411
419341
118146
168177
474986
45457
87217
331675
81277
429671
322618
447717
489200
339051
345325
450800
213439
298066
487904
92427
60645
57081
321758
158686
188995
446517
481801
40255
130271
4342
391793
394990
69758
84481
59961
425659
228669
350452
326412
99961
187970
75293
191490
190937
76267
461792
192860
103504
42015
421113
111935
290837
300770
305525
312639
92508
290104
276617
397892
210518
64859
475099
388280
360366
48390
371408
464986
498457
341523
32114
397794
314359
476106
193035
142458
65501
370399
398826
267717
309719
449267
225494
151743
346258
373051
471458
218350
163581
207919
125343
445303
384185
70956
52329
335475
7907
430943
317640
419153
211924
129810
118538
396037
289251
23614
230501
236217
164899
394657
383275
144713
34893
473605
487648
27815
9303
163986
178452
386299
105996
441882
418536
221631
214478
424734
16568
5117
32699
132024
386223
199968
68830
335905
149272
112375
429832
107333
245869
445635
404626
220955
372500
220542
350692
337087
360759
278615
123734
26367
43008
169882
401263
5459
148188
