1000
68910
0010
513
290026982200696992
26405394985465638872248235925538
7816166653217205131802820170
61996898911889
611806019806091111
9655859941128684655037534
608860505908108855809019680
9677777832359710
06560800918819996685068111591198
6018
2610910
861898808900
98960918969689861808988
331086832877784256194277
79106566701047293353154
69611811069091911
196096888191181819006
8180898086989988
23319
0118901860610
88689161
60898080109690106190080669190
110961011869
8909091660118
101699869899800918
061609918019
08819888861
8680661606
16116010899099101680
81891889860889698
18466086910686911846048161949681
0116300093861999001891669098
6960819903318091
699
668189119889484001448480996446
06619069980661
8131605934232292093
289896690899099
6996600
9
78776700819770008969888
767207463683
166990689661191001881696
886
9916069818
98668660066
3218781778341
138998310831816968663
9188980918989610061081011816
533048162702157577
6818
9899908119889
69960699003196119
160968
618009169868161889898
2950931759242741309
988668911060100669116196
9881668998800919098018
686
618996494648108801699
989139089177102
08066889810969916068096969961099
012281815485222019
0650691
61816019880988100081018
1109611916010880
26298019
9666618
646964
29173755236415543628119459459
19819186088011660661009081689
9
8896
0999866
98689698199180699
1809996616191891819901091686818
896911669096869899
6919188050506695919
28255802068408844019201160337876
03690852004125
0999
0848968169169600889888860886
01686908907090007
894
1836008808861088038866633980
086669000006006608691
10068901088
08818608916116
81190021788084765949579594378450
1686811669866689
101816
601669089109080810609906
88816066188800160881618808116166
763536002110765194199616
2615977862167562816440
696
180990611
3733235950152634608
06164915944981644577306680961395
11091
96
3282
1160601100681801
266002912181088609
9696886616086188009011908986608
7541429709452429804
0611
91966819869908819
041619044468918901686
9096881800686
5059316381819338598474158
8668691989108960998189080188
9696606619686009199010889199
101899668999168191
03519971146581238171685652699
1109066888008891
18307958599758809489035871
1219103339472237236
191916589961196090080669516
6108091889009891910961096099
1688168661
80866889666696440960486146860
108998690081119609
108196113688660
911888091666198186168999666908
019611168991981
91889988686816680619
91880366813961666
88896618816881080886906099108819
1616981690908961180906816
6
8665753826870425
8
53075682882764
3756773849
638390119988088369
849084048941
60089909116
9
189909809810011810191168689
00986881688888911160961008090
6868618699680061911916911968
169
6
6611811919189
9998890811
1196688989908811
91010818610669008696018668
8188811961019991096689080668
71535640978900
689552011490
727589040444325008456304759
67071171098617768688799689
88616011161186600611080100660
88099616505
11086619010691188166986606
1816811640119641441
222522983
80956116150818860906909
06600890690
0
616189611800168198811801
186010910990881661108900168919
09093110866999008
0691860601161
00961860991800109901
10066101908
819912090921
80
0976890077980868768108611080078
9180806081006668069
6822902116
66
909966890701170086
660668911088688989196689
6066886
66966019191109930611381931666
19860809196086
125666608596274443160142697739
625036386480101614
79456457
72
189010909
39234410986496260879113
81891910169109889690911116919169
60089088696691
1535906608304
516739611365159
009661
48651882423287803331220
9661080010915651190081501190809
1666769689190068619
96106
1118161098199669860960
8010608818689969001191906116
8108860869961181189096666106066
280299
83099363693386
896900806111999889111
988068
0006001666000811610889
18119191106908090168101990
1800990890061991906
91059968227
4091505385399275615818781
5391422
1860616190900
3984597292
896896919666189919919
8190899618109011006011690061
37723693855803716319
0160786766697691888789167
0086133191983609683998363868
00938936
69188911
476
9110891919688861
64746016179339154966580761
8708668977688007106
69996433704646459
915688152906
61160019019999969996
89188686600868
8906196819980018
1000016080866981018000661668199
8088990681110
29649
1180008880996
6781334179064438839
60076483147068132297868406710491
18198906110990019866698666
91061969
19996117
1086966660609616986069069119
39989389366806808
504
101692032036138172766
89806886601880698
89779607687099898818700001701
3381658
689196
181370840
1669196901090918686
30764041012741443
919898100611901899069909808898
6918186169890191980990088089
006818916910068109
00
8
65223609323873
969681616060116911
088910600609181611096
865433
999
0961986600861960686600910686618
61906989889616888
9016908918886611886198101086
87323
955609
8622617916201612193803725580222
11890088808619099
9069
9897118527825283
936482258693383026901792835
8011006801919689818
9761117668876160799786967
18911681086018908899108996016609
68119880996808180
52338684511
670806760161711860896761900070
651558990080060911
63999810
889088001
31600633183908808819090833
0
86918169011190699809161811981600
47981158
066796697708700971878186010709
69643849706396434
98608977669199
0660081961680119818009866
9988989869861
16106919009611009190
741904037752316836102
3253156991723723
9661011199
9252006609941341683173490
8663801
6
9008176168188888079191
6108610880990896
99900189800911000
29591058674365477322
018168610691816690
008069019
8089186
0
96198099606619
9960088816166098069008869186110
1986
88089969693030313368013611
11
16616541088767148868329983978871
619691918699189018
3612293893147886424237168828
6688909018661
918006908690988189
144098619411080499880
98686068622
869989040
6891
606680806081108968096901
93835
0986680120616961608
020073239175394302571957238469
69991911969096006610186191090
8465029
96
90966168
4009908168040944160816
62268012
90866669811000869888069961608
890619691
191899016911100161110669
80397643406789200
86981889019
68
1190668110
999001909618919600006860611
9656925518624
061699980698986869
58550890801159500500
618091177698818888977608
80
996006199669689066600168686
764827996654042627179038012
90108160899
3793322711513
00008691618111808960981100
081188116169
6111889199
10160188816168090099166611
062291289100619902882101108
1066816
6680810
1318869066091681
8666690880911001801981060
990716
096510919810656101186965699581
555060
934351654311476992025698093
949468646867564432722932
061606068691206169
6806
2901689980069691669190821
9166916188160880881
690
46649994888116809090108148094110
1608668819916
808800891016811
98
20021916
536
4980689460448048441618
11018191609098
60996086681068908899986
96901601090690610
088881
888019608180688011600
8989887876197788008678
96810658
88999991880009619191
28091902029200
11868988868
819356187979851789955191850
7861110018661978891160
564708915419477339743
408205768
6198655806909088109910
098896968001865608
02222621690060128029
993998555088378741558220399
6010
988916680018999119191
6089998966198901890088169118
9018681601968018986181960
0091
1
61008986689298086616
61486486886648490116684189410
92675349136404926482
98961100998089191
708662252025097
6860969866908866188
80101186069986699188691669688990
919889086691061198
00146048049
855195195
56113
998108916011190631031089699890
69009018808060991199669610016810
61101108810816000
18101
2122190220269266206226292801
98
1721639
5918850965568609985500606055
002928886066612896960
8
10909999
9336810003813108808833110
100688896616689
966333
106806688886069981600144104868
6534196716536606075464314
208600096866068926910
5830465173217124543697135994043
1596930622033140968
8572645
769701707769086866899188091170
4
1060804989016808849690111
1
1091
161689016009161
989866020
92253270744413936651
806008698
960013
089809811606918011896168060906
98980869866
6816616911098226221920200608010
66860868161180069818
61100680860800
0698869116896801
08661
0110690696
88018
996191109636313681186109
2345464142653
81807609007197998960997
467882778383
60888601198689696811108
08
52240995832102691131469096
999000
14119109778287411079089473786
8119808861818060
15208766366871558144059157362
241
0836811890010196383001898883830
9099066810
16983248
988581619515561619599515
89181910089
9771106
95905571
169616806696109911168898000
19628069102296261662026860926191
100810
00106610990611696888696196681880
40979649
69961016160866088698
898989176968898079619816
089666
188113198111860330108603110160
0198896686816689060180986009901
901618998
8981669890000019118681190999080
80860
5575006813235614285689204803
1841078367633
866806988
6
16086111980800801
1
6697500857831987805862351
9550376290026373056175
8168118818688818689
0641614660988640489990180
138636001113198361661
1911980868098000
89816425
91110810
75448551335146452
199
9641570071155774001075998
98568899981588
166033199630388
88909989010099996180801
2921626344657800
6690009
1999981844966486999644
9984461
908694100109484841111
986148666
8
16086911960811
0062398
918666998981818986991668911890
35488
968019991069866968806916
0081
2616517396850889
000011081808808011899910
88668998669096161180660616818600
98886801260808199096619610668
8969118016610816
295808843714146932589704
3205606088
755064213870919169493100
002337039366443729484321531162
0610046652265073836971696
0060861
16169016101000901080
808096100611186
18066
86996776191917989909609771797
8698166
19188660098916069690698998010006
73225498972152838525386962971
61097987600
961696
610066888011996066
3079605519091321808862
699010161818988180111010186869
80099098918119188660800988
12210692929896988219806110
8060886590888850591
8190690
98601060908809608869
99961899011
6819181098968699911108609808966
806090111886698890888616
19103
98901990980999
186890161061088
47264092802856606158617297524
591
91818876618906799798100866189
5981998110106811160189815
43877043023200924198
04089
6
206190254292302
60099119161899019666906881981608
908
91096889696819686698918
88098919080186
816681008896100619
846009018
68108
620000282608669128
6118098619180600
69
190660
88006601180000891190990601189
64404149846198999909988
6666899681966
80707717889801619817
8169913691668136893913013
56010214065696688
608188908
16668091999608900866110101
660900901184084
535499692713
009911011
999968086600868986896181918960
010086891116860
00886069961986198960101910081889
6661088
7491
086889600818686060118166188
645610809749854888360845583
1133490364320642
10
0160819811085058969668556569
408900400918619064
089101108669601811619068066889
88896818800101801861919806
54089798025875122485278
60118111090160916800618689
6918017907
8
291126090831375873
600690819801018111166869089686
6901619868808900689608609080
61069609099198918198608981
6809166818161860906810906868
8808801
08686081601916980990161600900
7107799
2188990820969629086002
0081069
9989909188016800000198680986968
658945
794955594330911005
806608861818
9601810661
060609008609
69008908086966
669888698
6555611362798
904890049949686696114889494
60185606065110099596188
762242390758881126800359562
3139969213059802057
10009019818960901911990616069660
3
8018866618
08181861058510
606069116
888616891680
881889999806
22237
0
106860001688911869800608986
61981699601888
9635440230727879
0019
428750226636307953612240558
80414010259890
06800181666
30392
071178304601048
0668
61548975571
86496098311088536184051493
32924701902424
066464019996924
0619609
111966081016981166911181
890080
8990691988611080190690696
11600609660869
189189181611999666
0188282189121290689608210
5908615188196168616650518
06
08806648418049614194
6
210482632
9
88821818816960899928219288681686
61898210427990422705
016110196868118001100166611
8119086010896910619900808068
9100090688890096889090696
64462233636080
9880891
989191
66
68806801311916
55911410757089
018
926019890298
9806660166690186691689880
98160018190961199
1188969811969680960
60918090
357486468561727110406742322604
80108100868991968698099008
4426735427528504467272698376
1018696899
8601
06818806816
18106068168981808
881180
0818
01311
1861
302286750456545
7120723700655890
8
69898198068060068186919918
55585247634476767031516480417
8866068889099988116006619600981
610906609690089861006086060
66989088086960896690110809001080
681980012908
8866999691988008916619118886
88161096691
64303158320969247673664458528668
188661689896111966861809080
1666110660886891696091861
8639
01516
98090806089118609196
72
019068981089888869190100889968
9906901688119699818919088806
0811106601966688060699016
81198819181018069648
8966669
06116180186699086699188610
11909186116969801989
819916086498901141408
74638060146
951660695
960168161718879879007
9966161868889866911
681100690999891099811896998011
6166196
8880990118181961690118110689011
090982881829106991699292982
5096560559656908588
93688993060986
66010661650855050895
9001190801190
903551
86801119881689119199106189
712
06699119181998869810
9
66889619
89988116690661
41981110009611849409149081668698
00826828
019800988080609698
99106910008169
108069201906
09006969911980696899
60991999981088091660110000109811
6940060196191664
8
0890060810889990918119016060089
0698080886600081161110
8101666696061
696
5566191001666059106
114911800037899500529904
68991999869691918801198
92937069991821100488900
0460661181960689668686494491619
818
2869
089696600091688889911006916100
910681808191
551239
08
916181661018896801
81889899191
916
130390391986099681063
31792999543864926709
8190981019981909
10337783
5664127652925216593961880094
0
6788668908789807
8168898610911868601600111986
33559289321312446
16088
10868
0969166
0196901910809196696860960880
80009896088968081881811168
018444461968161966149916
49647345952041700
0061181880
81813130166083839386919900669
89987952430609391179870
01909018916891099068666091081888
986186
8998096990915
609090619191108881661139136936
66111966190089881990
868006600600100669811690901
6601699060810080066
8341546407184233
83277876921939912
7676537760370836
611
909101101169969186680901
590086590116661698998605096
85185816898858556519
9
1388
86991880160076
80910660010910819696098961199686
130
862199219992822292
6999609819818
08610919889080010611969
0891888660691060888888996
0
80100168800698
55091511565686650880099
46
642048482196378750867998198027
91918086696611669018998061996
8160908619600666080
8168109614
910910988
697760689907019097887019177
98
6
91981
161000966861186800690008911
186
69606991610911169601
8277405924875384
99601911108198896
29387403917526086454
18116
1960001
86168801038898
7551482994262951253360784403955
1600601908088699619660116161
9383
2918109221
8
18909011088109
39235
16116916818081860896806
730383429915588653114
0961
88189116061989096981808660
616896180811001919099006696168
011
192120996618
7176988666968087070
99161809169
12351258449234664126
91600
069006980469480
6189611989
767887608796970087906197719091
9072166133769081
80438336745360007543727140347582
010618081818819
086811
616000008006969891
91
91186196096810989009680
990186
16160
50
9285246667
0921618028
98699999880
44496888894168849196469949194
018540771238194644848
53401027075041313852
181009688190008610816060160
6069188986918696
16958
911169961881629618122122810
89100996081860955
900880960
3
1619911961189018191961661119960
10
0376135317727697576984900260
8
96086
1494
10601191918190111968
509765726
28655327072632519329
1
80006610089
6991918118996681809198806661186
11226198901069688011018869
10988
19169911089
1219693075778525356494308
6367608542365522648519230
096806681
0199490088460901618480698161
45638017128158790715778010237
6384886131051420
57671193552806752053673965627660
01969896911601091081910
900806016168961166661980610198
041185203539067652625694643599
011016860886111008609
861911016098999
698091198688911109618016
1
984862334710877556505095
67044
68008169888
79187671779161067779691
6989806161689169909000109
6801068100618
1503183167184849267
96066008619809
618100896891960989688169189969
868
443297
96088986011888068
896900009696986168810866
199050985196051
80980888016
89890909198
69901
09016
549348144404
796951748178764005779323849246
68990006616990116
9186860070197
3618998
6
866891008816
9199559912483352
3619011989098
9980811606686
86910960860
80880918
00607897
608
2
869909018090160191
10696096886009169698619169
56990968169
1529508018143
8406578699226358
10689699019119
80689816100
919864990654
9861600166888189819988096010
44919801649009
80698969691
88801111190801168
81660
969868901686018868868816
0668069661861091198666
8091101698998801660696
66008809909118
96106
899901619014040486448418
109860100000010168
18
0785167180798805211911
688196891199868
8060991091011006066889918886
10909188601119916
86860861
81
023051864086048
00195889066618000999111661
9010161001001186
33623402653582350
1662155320355534716986
9698980991168
08718879616701177110
68924429223610560556382223
0898966109661616988001010
161010191489661968
3812336325
412816023620550
18801
6180069966968
098806620119
01110016809980006088899608999000
680969009998900818680681
139
009080006098110668
9990819860611610
28686629069116660608
711107899061189700118
11089916006080
2613967786417090
011601800161809
833004612733988
60861981980069810961
09181
08919691998891698161118699
35819349534511771
0161989068691155006958
66950950561611851060
9800986919008688986100088189
181968889899068611
66816901000061808000801918869
19811918
860001809607
51551119095859588105100
9898908810609989610018986806
4590880358220
966688169001696
6880088161968008160
99332031726880031
2910725194937306
18883563013161901281166131346094
9810
06006896
8
616816919800108019
98880019166010018980909101608
1
80896090046040900108849101048084
6691818196911880190
261916622292668
61981
6101868908160
1331969000039998036
