768823
462829
555284
684371
12851
457481
969489
333248
93714
413774
471571
159527
325983
474218
618892
266839
387371
219807
512279
293817
279291
894391
347906
500716
335949
379637
670287
47211
71687
821138
841807
125339
671648
175306
594137
94427
875303
564681
825027
72123
55098
816273
279588
163888
518793
788713
404962
977992
648792
822221
914844
946267
358802
396032
220106
787347
131884
464282
912448
657779
920458
590751
9426
51122
246792
433782
62152
251906
754823
700606
958677
734821
192758
346743
458956
252334
544857
101204
611671
776218
224438
778943
274747
427308
208881
370906
753603
40607
205923
499644
144816
185947
254651
463289
667271
507479
547536
244614
792952
513653
540138
421106
390988
391598
65053
485053
687553
653331
605776
336478
850467
702956
674562
84553
718628
331666
941646
561651
100217
960699
450319
459398
275872
948858
598197
799973
15316
265056
502441
566644
353144
60848
119886
407472
358137
45396
507116
39192
613951
926159
349438
930223
955909
643424
192653
781892
918576
892388
547773
784148
924151
259749
814231
996078
921159
339001
639262
440457
100727
722782
591743
729214
695433
193682
181207
605201
283753
817893
291831
433983
906258
829612
996331
75678
560556
986288
276478
178661
294294
609078
391824
719041
714052
800756
495884
669491
292858
602007
51507
156586
918361
488696
567738
317387
673197
340562
41238
412682
182557
847876
638053
391436
525444
84657
24149
565813
540086
258552
9127
402759
499866
327879
45399
997109
854436
116613
271523
143607
10454
65009
817362
483579
733038
389888
160467
591821
879081
545063
967574
140107
645777
3856
986361
742992
973066
840966
287983
251486
934056
239043
447289
522867
54057
229686
112468
251641
485093
836992
535196
219327
74909
722788
919738
895471
547601
932921
887788
978097
740307
649901
887013
784217
296203
511437
627901
715689
252939
286293
346597
606147
236919
256923
460453
890942
33791
571834
430258
413016
361752
404407
902419
540686
378031
400481
535374
777321
652997
36098
405968
910778
500656
994244
131028
200002
937652
530053
495894
683184
482707
462
61349
188531
666082
83856
652681
383973
839166
147568
58876
805558
152189
136728
429719
523971
758281
84884
457077
911019
738692
143364
928966
635809
955964
290838
858643
978382
312296
68674
132639
648231
811186
22224
26507
55146
401106
808079
830007
878524
888481
345003
700864
875689
458391
35544
747064
605764
372244
833849
666496
659583
734513
682719
571044
393196
186596
528509
359212
846802
395307
103998
535464
368679
718987
264827
779583
744584
901632
202806
891792
48121
146309
708721
829629
24708
487224
271351
647766
942857
659012
500804
383812
859223
701777
668337
490969
727272
790779
288229
904181
702814
429334
839306
230571
810567
426968
109233
151809
588594
496831
557769
598281
428601
128116
200981
933882
315351
218106
1782
184134
332416
872877
344863
156252
707142
83646
674939
724519
797293
831561
584047
232033
711109
296191
796332
940877
773836
968224
479172
914527
616072
699439
125156
355187
585371
762119
111583
526931
241348
533088
992721
785553
200008
590434
637012
429387
736506
649821
596064
317597
662553
412021
668797
98728
263484
327151
553073
215829
809931
180097
56297
255532
250101
264162
738223
863701
733666
647478
916353
326463
394618
59789
462558
609296
636322
733588
664961
835886
970961
192407
433838
822269
890086
316162
18432
116213
707427
920244
679114
242407
472307
969696
689882
478899
308941
471049
242711
907084
475121
495153
536978
868453
823319
855233
559778
930498
101202
347102
340834
445784
681128
337481
639231
27936
985662
968179
736514
106282
832959
700047
354223
967803
720312
487138
19411
246704
288881
223841
95776
482461
390271
873813
240122
358942
420737
913476
959709
864634
53644
292271
487497
241071
749684
895556
646029
74676
980254
315217
356764
640131
942696
403274
179259
375606
316138
153118
494653
308032
376756
696971
431706
465771
888972
184148
758034
831738
588269
87957
220177
154794
514446
790968
916128
313016
122004
154276
424769
680562
451494
797631
649344
476148
516292
834714
555208
310092
154846
405864
691926
821378
307473
1826
873258
951747
677946
822054
201903
442918
274324
617442
493183
218789
976547
94579
813398
790928
935643
903448
595227
525921
733723
983576
638266
227882
263172
367757
767573
17682
982492
130946
22349
492622
988348
334054
716496
348991
813131
146634
2746
465802
381249
950643
779402
466856
729744
463586
184568
753877
928914
642247
946116
888592
837561
317121
789712
613216
951621
252847
462371
416878
808716
586898
177588
626887
965072
384523
293528
336697
26649
836228
933989
840527
18338
638113
886506
556647
216766
714778
971592
20991
364621
92679
11097
452384
543336
733808
680896
344611
59426
734821
330472
81649
25932
620541
71179
740232
66858
472159
186128
793786
501067
500438
949641
109997
709447
779677
565002
977499
283744
524779
439607
432678
450397
684876
949077
877798
148982
482012
371033
978929
327049
832926
605367
991911
832768
749712
817151
345896
956
304013
392474
981154
237109
147552
315838
963876
508447
616219
13586
223714
906206
597808
504522
6189
642597
335273
77061
55786
932512
168888
168703
782081
825693
328133
962644
371261
612948
163929
943622
249713
510721
983362
62394
621317
707309
179371
382178
345626
606164
875289
686354
465248
226976
447426
291023
539794
264353
684217
300798
57916
901466
330421
874462
227109
755737
928958
941312
662469
963248
121317
989441
929591
838349
854324
44618
670709
555496
264029
980076
30663
343411
490936
360812
526474
787213
467964
466239
47733
180813
69426
82281
69918
14548
717828
345999
699608
96021
217432
787531
620534
219646
970012
784752
380857
632232
48237
125486
162384
749469
137579
24023
425134
764367
344517
45226
686392
477224
575152
352757
300047
965521
470921
545311
961927
905019
614887
48014
446453
292233
531031
924777
804933
944293
795923
47707
885232
605157
787733
342217
973811
790371
765276
301249
198126
187266
127433
611273
946149
178753
179372
65263
88084
366486
374541
302298
4756
780147
896949
970469
879162
751448
315099
14917
758544
280141
555904
334471
841151
398513
93723
377054
614959
283429
181139
917603
545859
683574
287102
730178
684967
754203
971502
722682
606679
840284
173276
427744
839497
210038
658813
449556
774603
377294
137223
858613
521368
520473
385242
960233
19534
935752
812958
354353
716241
850901
431408
232999
451172
991521
76181
459399
283438
308631
369694
860282
111774
186739
70399
333312
406753
408976
78299
9168
383343
391436
924851
440451
484156
51688
316563
829911
508436
713569
396038
741423
837199
536053
792763
850983
743847
196162
403178
168711
203854
318567
387816
945651
623949
803094
71213
598971
369909
310802
70622
881277
244851
250968
339674
708041
348119
888033
426776
238957
653794
628622
812769
336258
400416
859216
524657
331219
966322
733109
638822
415644
441116
16743
859232
128954
167503
673456
424787
359851
916289
926406
588717
672837
603259
600179
33261
872986
327634
790283
398769
735709
621276
846641
336191
552752
445609
11162
579411
533872
87338
296154
98279
818843
79202
242871
641358
220903
613054
124917
585681
95664
835392
280474
446003
63233
550544
702466
578582
977929
764698
134333
730692
416638
877827
806866
409801
458797
642216
247769
541062
900258
168359
520037
671484
540802
223811
339463
175919
316914
824538
998374
437352
223537
476073
968784
645284
869114
373118
972692
143114
50387
21088
610942
360911
305698
571371
494334
446112
339081
383784
491093
16511
607551
136987
195709
130046
836158
591997
327857
138867
601026
526559
270272
80607
783861
951306
718619
374798
31314
778967
782624
342926
836519
417133
634548
257524
617372
287854
500341
857377
597834
482819
384724
82854
102187
879299
985581
462719
994751
546057
719216
84528
971269
280901
563648
747382
941227
544831
225727
165248
598273
478232
947024
439369
251472
338411
435008
376457
320638
821182
368542
598343
739512
382259
475697
1477
538919
615653
23108
364977
119026
407976
684852
841658
21242
749191
367198
530124
854933
235842
134976
756753
263077
311308
916608
468542
217859
743053
619449
471369
355907
436034
791119
199462
72487
834833
575392
6064
574599
243398
518431
826972
905042
79389
813196
139477
674491
907282
68251
336869
66347
497534
650669
535361
11996
713832
541052
990648
463189
923796
522238
921627
149102
693686
87828
924994
188331
352753
500279
208148
122696
886914
503122
920588
707464
323464
854616
436504
794588
305266
14451
778627
387696
521386
790173
874168
2016
209559
434133
264893
577424
688582
61583
147899
792379
874959
823036
517738
895752
651398
837526
899352
102536
989446
823863
586697
439371
182029
395752
768203
987528
171827
732878
295174
299346
879174
930374
802996
388038
13472
599519
972302
24622
323988
129692
973011
406574
218843
671007
722616
617987
475933
278607
480614
556313
280561
991769
191239
780393
86831
776647
184481
411778
331346
491779
841179
737447
716107
486321
592966
861173
533756
32669
785507
456619
887357
102276
572176
142219
177386
351004
49806
756607
92819
23971
196636
127888
694239
986251
978993
597868
829884
491708
301604
346247
626354
549899
974893
961951
775441
831043
935137
86066
965507
28362
934116
895144
62926
417283
738653
666129
286988
197477
350253
413163
872651
175836
995148
243921
319429
683964
660921
391604
976306
97751
411619
912586
174163
503002
527804
167867
364669
155113
652141
76447
169343
572578
218067
948657
306809
143197
988546
151061
562783
381278
342349
438226
969091
516633
584572
275472
882048
275663
674424
264704
5478
723704
405919
199848
855716
117796
125723
385781
896193
586689
783881
522337
310584
799539
741254
937772
794012
666583
686052
923823
690642
562116
671472
269836
900399
617932
690924
734514
77577
286547
404373
984144
510687
62589
415472
910871
186352
859482
458476
33592
298181
306472
546654
911372
480514
753052
390903
161824
41274
889088
133867
734151
674509
965069
151813
404772
484698
428647
801658
671081
203063
726149
692064
690798
121633
518467
505824
532701
388483
901658
120223
483428
803519
460279
751134
46613
202288
374239
70556
872251
538588
234469
14982
574667
517599
8176
904774
813691
176829
587628
11834
16192
853897
58079
36827
968534
512444
417648
350173
772214
690098
925259
115513
666561
911404
209503
370297
424634
823906
391286
574062
400573
114232
316721
799141
39341
950873
557023
473206
172299
642802
34994
441896
632732
32049
473317
179338
446776
123542
249259
453241
111908
418579
803909
449038
38976
875974
462696
294038
125736
118944
521779
98673
599962
699004
519119
145352
717901
265908
186178
153288
320642
200627
132516
448849
65002
213528
513988
958836
628541
200399
885942
852493
553289
944493
651538
668104
975918
132538
115382
15599
657787
660284
372939
910907
467507
956639
446997
885323
625699
220064
760907
646801
492413
327021
730229
708868
767239
423468
688939
262593
369579
731859
55024
306596
506814
54606
129594
640104
85362
319572
674804
658083
437398
964327
240086
278221
121832
777778
683693
730771
246603
203531
854667
692871
886434
199026
365442
436651
73928
96101
234224
685554
417048
355891
655162
620179
925148
695994
19546
616678
521117
753369
507847
199256
470158
396617
885589
603451
395621
106107
129258
842542
622458
850064
748028
85358
566789
330564
287863
505151
456076
614326
502894
712233
843149
319369
140121
958354
448217
597839
198579
96801
713356
511532
162962
244957
557384
123143
824323
905531
322869
31639
54176
240768
560499
398898
715133
235897
635333
160147
187089
963788
711153
810688
483541
719944
14798
394297
603853
338468
25757
66982
82376
440477
622819
296926
577701
938684
424588
484783
968140
254359
438653
292083
883751
260471
681853
812034
922054
937068
663517
649336
893779
124611
558671
21067
304329
737988
490174
883301
104657
527709
380533
985682
894248
570736
650057
621742
530416
916226
408789
476932
368908
775991
204457
45652
689803
816797
1699
602897
692606
752188
741717
975086
793798
874756
136344
432306
862084
616584
879279
376196
327088
674304
910246
74959
343271
663721
578158
261322
988381
702977
895763
231499
90224
668153
850551
216651
415941
160438
787383
725256
159186
357934
779238
893164
60864
233454
22324
998222
554638
277817
261162
521324
768006
885996
807259
869361
379409
975313
672179
632343
206237
405292
449348
675883
879306
269457
519302
50561
299437
461747
16357
787109
795053
512179
702573
88604
853741
215261
169466
923599
615196
142221
312352
991946
33192
268493
360413
315732
113058
967327
319272
227523
791391
583448
406533
808102
75428
139923
763804
292782
698988
712304
924238
437173
428844
501678
3576
125871
924031
331826
611556
742099
223684
828763
349336
960527
702293
115223
579489
551988
121556
73281
433892
498334
749844
178544
749617
46531
54524
54906
20374
809869
208284
885098
251482
46091
957066
697239
350553
469356
102887
624971
426489
532299
275612
714774
375808
803948
264008
214547
440981
491177
950551
465638
950892
210741
322688
727721
167158
492849
234869
536063
74363
64813
414716
370124
498493
5576
447827
177564
922684
392691
457838
782979
271166
505452
55968
835244
158257
79223
766867
103719
175489
293888
530578
748069
954979
964152
353767
788787
539988
740567
251314
269703
856686
776536
760088
749514
756452
737174
720924
448524
168664
584334
10182
125424
486626
979586
66443
612919
982024
313427
799202
894851
449993
128028
232276
575301
67927
15648
225609
375187
166276
601796
143668
833949
251359
645394
907051
628052
653944
329983
257663
304459
447682
138477
698832
447956
177168
825011
667237
760634
461692
383236
384353
235307
498283
664454
960717
637273
858602
505416
728988
544241
928418
228964
99258
871282
632371
198782
893696
234066
76478
460652
855217
546696
883472
446932
313559
372497
955409
293566
167178
891221
241
748437
103108
69154
729222
30089
637483
78121
314448
320992
730904
80572
316842
240219
899008
234979
303524
444307
298497
149787
960896
808376
646673
763932
503649
564
301494
291153
684533
975453
253829
526674
885509
165001
814739
912369
429852
957751
76781
152088
24362
92957
393622
653252
173208
619960
249593
808589
407343
526598
714734
683092
336169
252384
726382
537739
587136
406824
629281
960849
522286
861948
336317
543696
634854
723152
997403
876579
785643
987012
150471
947656
388078
35138
973454
456829
415953
832559
243706
349833
837137
773477
797744
365261
810884
404659
757147
104301
635429
370242
446114
571707
956187
479231
406214
610467
686003
792936
970397
498128
493809
462166
874333
630502
569697
781773
379946
464178
279784
823451
699633
118992
361581
123777
789389
378729
710486
950514
333873
477521
689397
450172
317041
604236
744039
810513
904533
582081
154862
79106
81213
572373
343653
120608
307566
219399
817571
156173
747137
981818
311773
708918
173149
132629
4677
990681
957931
749077
436084
471313
500791
584557
539073
312527
826764
602286
998623
369214
796052
896636
921386
843376
86027
337024
939599
694503
104671
451877
535357
34808
972706
587204
945819
722788
828807
837283
181798
963247
404209
684714
939094
237442
447134
489347
226846
579571
719473
356812
903161
226439
380534
661242
440324
761129
701414
362316
518893
140494
689898
397361
659523
708158
506446
420922
975029
894899
274876
437067
673097
983106
730593
488259
926394
562581
570067
664709
47929
812806
199693
438619
591628
636682
172297
249232
889867
617521
440103
86111
416519
522861
299077
176639
191444
554018
590096
396099
887914
33187
378263
570682
529059
420363
385384
234591
763786
931236
831767
26069
777663
177694
431501
368996
784223
80082
184593
72921
818068
199634
312954
295761
760587
262037
783403
738372
144057
701974
568769
31066
63392
222697
412326
815258
584261
360378
954379
538714
46084
220131
374932
741043
321203
346121
954996
878832
777624
471286
812623
992994
215229
904908
726366
219084
415148
255128
988179
605861
795456
894726
298671
259359
811387
500056
942071
134772
912462
584837
999426
69547
241082
375842
939611
694548
959217
755178
76281
814151
715819
430127
570813
790178
59131
184367
529138
177537
652356
601972
642484
983777
698771
64972
467728
294432
961938
714838
288271
272004
333009
129603
880212
935478
775559
335174
970457
424487
929131
807346
435664
74742
354593
50523
37377
845064
176459
733673
45257
28748
656703
547138
957989
267933
332176
696338
22836
95899
433286
135201
215556
859844
243208
46818
100119
243006
793586
502729
563282
409277
795432
6652
829021
802546
208282
488367
481541
547997
191209
570056
530096
864346
388039
369836
213856
769478
937329
844849
871023
191267
892294
354519
864014
316433
304674
712023
259009
260737
704972
540411
858649
721253
888993
673586
244691
99808
176496
552456
389232
544188
358954
477261
409936
100693
218917
905767
760954
926901
387456
818194
176341
247247
790429
466834
150053
20002
619742
763129
455357
148872
171653
337132
119356
7311
377233
678564
143687
385083
147091
740234
281062
582869
161438
126849
913249
500326
978563
74471
606967
850694
849606
638167
599339
674082
61924
149887
44671
950562
731931
130116
163898
884577
520034
948023
802021
76329
713119
578844
870491
532013
765997
228213
119617
286973
766624
395559
430572
766887
497797
807028
910467
932253
171878
822561
60941
263479
569457
657568
979254
695531
432367
214808
476528
578321
190527
275521
39927
508407
139962
494192
192626
57508
419986
262282
666194
389839
677178
794972
837273
498458
812249
647573
261723
654554
857654
713282
263629
379084
797748
600298
255113
866617
280128
263697
652579
138216
751218
366553
308903
43431
155369
191826
588957
656379
334358
581208
649774
307663
891037
883477
580261
666663
317537
326878
732238
607253
85744
484878
777014
736639
213229
726846
664661
739588
258906
220478
82278
461213
45443
715763
753368
538337
758689
453016
431776
493128
914128
195654
376968
888776
347242
6642
597153
294126
800203
820862
825396
329961
784652
72446
788193
34384
760898
702358
451939
177542
60369
741772
564016
539678
184263
920719
758278
92893
341169
73429
974202
325941
944854
495988
617099
57564
610741
175958
685993
937332
534056
330663
83662
529527
352941
239857
246626
443754
327043
215232
940142
838561
256447
506696
788986
175444
693998
502828
789791
19928
373998
436779
771516
789104
731426
482991
740958
822453
202123
787334
30426
205518
164293
263026
354238
965873
186371
367058
50564
994297
288444
88624
697883
718431
135192
365187
761772
632754
631212
364376
353058
59747
711832
495602
249943
80192
506272
112188
697487
278796
416136
515307
709742
468636
95518
77309
477084
659776
65979
289879
538357
951386
198977
122931
645544
490796
196289
840679
237808
32843
859346
506976
422223
598192
349086
409722
942372
187051
864567
205401
781929
539587
37526
553209
53754
382581
266917
134264
348587
854171
894348
596871
710163
783838
773832
540567
862707
542503
101456
846453
507002
282357
287141
786197
187181
894366
110494
655877
144911
966241
300966
220853
312336
714109
79809
766787
499444
167623
320971
605601
442373
163422
513103
425588
682401
958463
704351
502724
720464
174028
81879
260246
406944
317817
217959
303031
440742
938176
310192
138236
445311
471808
183669
924398
994864
714044
458066
306394
899246
203347
683084
264666
145619
520359
787656
95891
448351
985386
39048
725399
386573
762314
830056
519942
150984
229102
78856
425913
580954
573353
676666
548687
748347
898843
617664
297457
871192
985083
321609
631837
925539
122429
60333
669982
63346
384413
216639
805938
806196
989981
970725
708121
269414
530801
966032
974058
342986
22691
522524
762262
925711
470563
214226
988416
175396
830682
705519
896264
175647
146803
839117
941104
620619
482081
722643
723657
536021
907897
50577
148936
282812
297113
921006
436477
753682
893794
796499
374282
968498
659057
661007
859476
217664
911419
31894
568138
142394
609722
159962
263701
585502
759841
412406
135651
213682
318583
536809
83406
939171
865048
484073
226769
299039
157893
989572
969691
491534
443308
186914
299017
826206
771188
952711
887621
971446
6168
140203
47953
512158
17057
241842
205987
552448
605713
46192
785861
989158
448839
27258
476431
824318
595116
420054
715324
166494
191907
691869
362364
479021
535102
318413
500241
94802
959173
87544
273596
930341
85327
943049
723689
930361
549288
994609
202473
470398
740934
319079
399628
111928
72109
946177
531173
607914
754051
367836
897188
439822
467221
358696
238367
232799
377148
573809
891413
172754
744401
224021
930567
455924
497009
368639
581663
853753
22158
620557
760283
990497
589037
107356
133792
450469
907458
155002
654259
330682
516574
969432
418123
996146
30596
792851
638463
96011
433668
427763
299919
891093
987123
42619
491544
767716
193913
176424
51216
306063
188694
599227
607887
349893
843747
969002
844949
463059
849626
535431
624511
87313
477338
704504
546514
350978
851871
158764
392618
898137
953502
3712
664829
309626
495101
992826
256322
408169
584038
913252
604586
216731
132048
458069
15692
187412
123569
143349
517622
32369
408286
269999
384377
40879
361937
184948
380582
842009
971776
595953
611489
131282
62998
391191
769186
305071
714038
76090
842673
196174
718783
435566
755431
579163
463498
978019
917578
60481
656274
591372
290718
111154
918536
721634
940033
254543
690103
313549
759499
424504
202307
842552
164697
67734
327517
217076
467197
382187
513296
842977
546938
309962
992427
539142
213198
612023
217392
2018
881519
707597
751622
214689
6324
168226
859658
108262
490123
294967
905852
633553
411892
918073
829617
713469
177028
616201
501397
877046
247993
277377
874413
600888
396463
200374
270528
738199
992597
507517
487634
829641
237144
707953
503003
181757
658928
374727
358979
170601
435284
703084
691938
802121
594578
273087
556757
327369
530454
509609
652526
811349
961771
497737
488663
170973
503273
81631
106099
374509
103683
746662
910272
806271
723006
286622
368467
727692
716414
232381
321694
18719
687646
85408
140053
399488
196288
32921
83982
856474
414422
490388
891896
532382
180431
357184
463151
419506
717542
208899
658109
223939
94896
973958
241094
609096
680546
853104
88942
796871
892579
40044
989579
950712
290512
62371
870011
661511
712828
540474
298954
377343
72169
505098
827176
399038
288461
823748
915712
66707
125124
271642
827393
144153
467841
74587
652832
439063
137647
21262
340572
629056
578438
768989
992956
974096
645789
473582
910273
991016
905393
294338
258193
533188
447752
569689
564006
520038
551981
23464
800826
479358
536829
694376
504553
261294
20482
609011
715429
929467
320574
647292
855752
747198
642656
262103
596349
551037
771503
346243
386813
928053
554977
309902
50394
353597
743186
152646
505883
838248
136284
718836
552766
276977
776463
579434
923557
168859
576802
519399
194029
709328
602233
521992
804819
284579
160746
844961
315627
929229
80143
233774
575367
842252
938714
233157
267924
175628
382894
249812
608517
384794
702849
127343
188281
14892
796257
786809
652834
263846
851164
375914
85103
899956
811848
889329
219594
358911
311959
644246
900417
98344
84278
177128
791687
792716
508289
745576
255593
882031
507846
910802
166622
343901
759203
111649
94883
875936
298204
69456
531429
965349
233021
932207
842147
966888
864608
6113
208597
999936
481763
8913
709911
975378
656501
485469
498394
956912
932183
890646
78659
553692
745176
613994
595209
80801
527174
243792
25077
115107
462109
936904
751822
995338
163396
298706
846747
780629
837016
17649
272321
816903
655901
852704
364588
288997
985792
52842
167069
187214
126327
787799
39609
972554
683623
936443
433063
711604
691372
811142
339514
977803
926684
494291
721829
856683
681159
350603
657366
577778
605361
848893
526217
713768
602288
389958
58767
531183
475817
394077
608419
337976
574594
665433
685107
191723
906713
841963
758671
95421
638876
633017
872787
878114
540831
54296
106384
440737
38286
322931
6682
890563
305217
40613
513782
942522
864146
41782
568512
58549
965161
637693
854793
633197
360114
304369
592314
94226
166428
54169
290654
836862
498351
706402
503029
348968
733061
521729
662308
963538
816456
21474
88844
317979
909172
717926
371888
923132
295443
452186
337017
141088
926816
663076
244717
993922
809574
502979
409448
521771
373338
504121
713632
898946
133411
616932
718251
529568
663017
704861
472711
573407
939731
373997
994389
50197
110847
368997
456058
237324
258241
884596
864551
777611
217204
886579
865802
146642
807548
832974
768702
779622
983334
931683
800823
188916
957621
345386
14922
185028
898891
915228
254039
521364
225954
257926
27363
559523
255912
966766
535479
498676
398093
138152
363624
605163
87938
961166
424428
568881
497582
859169
59962
774802
597509
734513
492069
545564
267212
236201
75214
452091
915128
504534
463526
884023
126612
805564
477501
958143
222451
122192
36943
849228
147111
831799
894728
55761
856563
539722
633183
620612
676939
495869
178299
945623
794559
381654
527362
314239
566606
59702
26549
193864
403298
718224
891442
173029
190512
566946
283494
855089
489313
429256
502993
541696
746136
560883
235973
861094
923013
484018
893791
915348
194112
158402
586767
33862
293244
823297
925831
149581
765386
904738
844609
831508
342966
244358
765546
328151
895183
38447
72936
20516
482034
812122
177542
632996
567468
120186
702184
31287
265761
750966
159391
752058
273976
787672
809588
180348
84877
254913
654057
228612
903447
986143
624038
539583
773481
432362
973181
457966
200709
888339
899638
626606
290216
644376
283816
68961
958577
639204
790413
607346
813626
791644
269483
909961
747809
861003
992892
828138
721832
223557
355661
450977
471822
4411
382482
519788
309334
202567
809832
129348
996687
645507
339812
844741
771302
754276
903788
86683
765637
41112
164539
780222
576392
747159
97836
845984
859429
550541
189048
46817
574599
496829
874358
690398
896064
568554
865208
39048
340809
947342
988541
995197
934503
413344
600747
878176
825869
277601
941274
279703
682323
94633
317436
17404
430782
545561
208223
564408
323197
816091
760413
15873
750688
315199
667777
20444
665152
938638
221398
929742
921149
31754
263071
112812
976753
160873
240452
956207
192258
492728
498022
846261
523506
70572
124783
922849
532027
386018
43173
488522
170558
590939
189366
27443
828896
609566
815304
840486
335314
338893
184697
849907
528303
713816
328803
850661
79411
463674
526667
496441
83872
790152
471004
863729
401876
177244
832989
834854
407921
526022
127853
32063
66859
711376
814914
529674
639337
731192
253896
621452
313289
937034
656827
847067
751151
969763
189143
545651
780537
567503
307872
563246
74187
494427
635053
987761
170019
415358
814592
835182
408406
250962
518186
295734
950057
794484
765332
856116
450026
149386
739586
2494
365781
324999
322452
394812
638891
855609
47788
701483
599072
750017
541833
907277
43678
527961
434047
677381
312042
438904
813
102752
36926
830899
701351
472049
771269
173601
885612
393532
922021
179084
707224
535721
748343
951793
940938
441397
163212
585156
854782
355883
795129
681501
660003
700758
671639
70729
729314
932708
723661
35341
42693
549608
779014
249748
798092
941953
94656
483933
257236
218203
552517
663632
324892
312421
681936
63782
276583
925537
630531
835191
675292
954194
463514
96212
401727
56951
961279
985242
926361
580038
311836
999973
985293
600794
144017
256158
349378
393298
734627
38792
661631
849976
167833
604061
443536
885609
978473
448842
207448
1516
978312
224947
77774
714537
5019
822914
241533
390613
758902
670073
990309
763668
918066
33652
706098
149709
374757
510182
492972
514909
890623
442704
661489
662996
464352
47043
429163
933137
216551
361289
645481
225736
252277
149763
358892
504294
253766
811282
738869
308823
181077
209934
601626
501557
554129
634872
634023
231363
449231
298689
809451
809086
749573
151043
291062
696746
811063
470647
973824
225654
741848
305817
608033
889034
633073
905339
61542
606543
817096
253269
159763
460871
927728
176359
936793
806371
565908
533536
404589
789322
360612
163973
465222
653927
54771
539949
452334
98916
521869
772791
484707
499694
276416
295276
609836
30747
379197
403601
405616
480863
791271
801959
425704
88291
230592
65443
899464
800521
979071
420613
841157
417069
634862
340992
244666
754346
847731
464481
157641
275529
305213
708952
20604
68192
314069
143824
980129
937057
821047
978812
710913
921036
327018
938248
432893
992154
180339
417917
512081
705709
502492
270024
421888
519104
988959
883787
239548
34376
581482
347021
546986
446063
280236
107611
515008
59409
183952
446833
963161
741182
67163
859176
224199
412867
832294
916127
581818
779891
255618
222666
504607
409704
179949
138381
133831
842251
520173
964592
444814
415164
965632
312896
174452
921113
900353
907892
27647
46796
610126
835664
279161
146568
995787
152144
620511
581527
205597
6724
693277
632072
866043
289616
941084
686073
681458
449417
706744
243193
286632
565186
173742
58466
473182
230452
867347
778098
610769
146776
576579
507133
523049
329723
221192
6861
404123
641133
956653
65531
319177
32144
155219
289389
3063
826354
296682
161379
661408
320721
783758
912589
735246
871763
248532
336141
227484
815831
720436
102559
420829
315548
168699
856637
233387
828521
293408
802799
197626
730911
75231
128868
158758
568776
704896
976959
62954
610622
498762
149208
454662
958524
847062
140862
338857
151956
148283
675693
928381
292782
42448
87654
742664
705972
727941
992511
340467
782961
167474
387471
353044
733902
694669
665082
215541
317806
31417
5512
133284
14724
454571
947026
2593
383109
184964
889127
249358
281373
831829
435957
66136
499184
201046
574494
537087
694554
876091
987448
323112
542189
764994
8336
752402
947011
255294
719421
845312
22688
131352
20394
680078
177769
224268
717824
921182
717392
202251
76564
551181
409994
912747
495258
256169
647072
699157
15316
231221
353541
412951
39201
916183
692443
625196
136769
429841
309808
272296
645994
832047
156916
732229
500573
60566
283509
518937
886194
318691
144564
883238
129267
536774
842017
43912
838131
739829
919064
605281
455189
81976
685891
14087
726899
676618
127558
474133
193307
23788
997627
969283
257087
290322
718712
435363
262291
132817
72314
4628
464612
104464
948666
701991
747781
140044
818668
206447
614412
197513
242283
636687
605884
18763
981942
258594
340149
625247
570457
922693
207341
308989
685593
205428
621849
456639
711861
820894
864417
447958
540953
164382
161848
862237
111918
606972
727691
974938
621468
83723
15073
644561
743837
81791
91318
189349
458913
753306
779553
975508
811932
97762
517906
740104
61196
448259
293233
536512
353392
242399
4949
155817
810342
435741
701593
405231
710329
96511
85527
960957
618152
362736
941503
365959
106991
660366
547889
157857
151136
891326
919092
656186
830223
14589
84262
78002
520399
991386
213478
569461
659531
913343
289908
675187
952503
363358
941442
592233
760277
757856
759294
381986
560824
464668
776139
215908
712384
645142
341562
906906
673094
140468
596257
99209
112973
717148
877823
133086
649348
122349
918346
625058
192708
394476
922109
228398
409119
165587
320937
644794
382796
951158
417687
305053
21378
227552
537883
716337
982528
94429
610653
52919
675763
676882
938154
556201
846936
654574
527726
557376
493632
689896
344076
606094
871449
739389
72541
96653
988052
995514
788479
842382
460818
608472
97816
502161
591701
428282
104477
89798
955563
518767
90478
13758
297528
550979
729204
534827
183449
65528
859687
808233
559188
696822
596626
69833
338829
406016
344399
318033
941877
211994
863327
178583
627106
685443
42503
27593
364624
724807
224751
672964
20927
791661
561306
999426
945947
253822
860646
175416
313708
842119
310457
743482
138592
856094
800786
499208
677443
138923
946294
432782
886513
13563
200219
679107
973621
444473
61767
485462
411663
725719
867767
823792
233961
94619
541281
792716
621269
711217
350726
754466
904661
253522
255912
52806
738603
342238
874253
824063
78149
402802
307777
831181
936704
898991
677847
320848
397466
804804
197202
989592
623594
823598
23527
319407
672898
609691
169678
370058
341204
962259
801426
472362
751636
750578
231358
213384
712904
746839
49622
326184
524468
555811
558021
477576
442709
263276
186039
27938
439893
260522
431306
75067
837414
813578
666243
277577
475204
499972
599098
790161
324431
824789
43576
313137
639522
675954
224682
236957
262286
386797
825682
482707
956371
769548
657540
8683
30648
369798
581831
527258
717853
56891
983773
685809
343621
82654
306686
125263
290986
258108
701338
925702
307536
502483
191964
456751
383311
886609
410664
920933
967526
237869
798249
923809
317598
407486
278843
921403
239496
785262
217901
462926
23116
120887
174252
854284
48593
178258
798104
857123
789739
870481
188067
329891
574033
592524
599892
898531
250072
858576
18057
397021
969607
934314
538508
392264
500757
535958
429156
901512
141228
649207
489894
972693
275659
924217
285579
674709
387366
447292
469324
715697
431318
453197
628738
475563
676626
285266
78029
544508
225734
552898
535857
609274
426028
369023
524126
62464
649198
216569
626228
934416
217639
914023
347087
146948
608202
220431
950292
736158
580683
262342
142761
217834
114294
120716
396282
700521
94558
669296
980896
936922
794619
50026
312939
736343
76438
767514
553624
14189
240964
302283
174382
942386
322951
258958
387624
537521
614084
198056
645647
976952
445859
28522
19183
211103
354323
822063
579238
258246
843752
510608
847783
712613
49233
144768
238124
248141
965522
8656
670111
617761
102138
885308
71436
661957
724408
80648
468223
875704
205064
810558
694867
800189
146154
543721
53337
530478
81016
533926
29263
23877
758946
145818
195012
464084
516777
674779
572891
239821
327172
277153
117617
817851
926586
756511
568906
605509
289154
741464
797927
668951
492864
275577
954236
690881
755948
673893
548791
44177
528164
403427
335479
161171
204038
900298
758362
769418
855227
660871
141493
67957
367427
471027
399602
778403
996361
478512
727836
672547
917312
438889
141927
284936
920736
828074
548461
151834
245734
786926
706841
455034
82864
466382
178098
276734
589763
784771
497252
794737
187236
531504
122306
402349
704778
362747
58008
791328
794754
732958
981812
27147
301701
150109
890179
935947
626104
93396
36157
409754
429209
862794
715358
90172
531717
879269
900604
567543
511938
444832
261499
160197
713884
982257
460676
688154
196229
548887
148867
716711
853653
917863
418631
980304
353859
899594
981994
141404
228778
901932
32589
415059
965884
141714
851337
633716
68711
382818
715443
542137
540056
329982
945644
301734
652018
797159
271669
196357
64342
955233
696446
483337
61588
944
407952
20529
75537
956283
674989
687173
598901
642588
282419
949128
41813
571328
634192
164073
225393
749792
815158
145922
381209
439253
76569
144307
776901
496154
439352
219671
516306
383812
967943
595999
151372
522372
65499
957747
619172
580964
168633
224049
426064
129098
30413
401122
819511
174671
679312
604531
616912
853063
938562
797233
627757
910491
