100
2253
2402
2471
2530
2235
2271
2286
2969
2902
2911
2411
2452
2113
2866
2053
2211
2989
2726
2721
2777
2259
2283
2120
2648
2270
2158
2258
2147
2917
2373
2674
2399
2728
2846
2420
2111
2833
2394
2518
2045
2441
2071
2256
2868
2076
2224
2024
2808
2964
2765
2457
2738
2166
2745
2193
2740
2492
2490
2182
2109
2385
2201
2533
2061
2279
2499
2088
2141
2428
2629
2338
2151
2832
2872
2277
2190
2383
2324
2093
2191
2718
2839
2449
2290
2871
2448
2856
2382
2185
2104
2346
2273
2693
2679
2531
2146
2264
2501
2935
2058
