500
552987 365726 828138 414069 24485 318101 25452 188258 203150 530586
778665 548837 289110 12854 6427 634366 129123 298453 566672 53040
722509 446557 236974 888500 999605 514894 59045 548794 592184 274397
32992 939804 180476 160474 357812 384660 271983 932313 848084 360952
398955 406462 591289 31242 62484 170483 564168 991593 983359 515142
929234 628038 509244 809734 230067 909504 144681 67634 404867 892120
443847 793457 656960 328480 910940 431324 300623 257413 354528 998835
183721 326509 500062 653018 591739 630002 81190 132549 446592 245494
209351 136328 453282 442623 86006 845541 342321 295987 958378 684642
982071 144887 854631 506494 879437 433418 424537 210191 551697 216709
38225 153857 157195 39713 344813 314390 611988 688112 362986 616543
677495 791553 243549 889950 647552 191119 444975 164774 486835 354877
122417 389732 466127 878662 439331 990596 929750 261793 8435 961853
736186 79678 253587 392854 869361 946146 159356 743156 133494 309140
3714 340118 23716 473721 441904 26896 11858 475517 547877 332746
231070 360992 691265 668130 490219 185317 476580 415620 173563 980438
331313 265068 404014 153213 662626 667115 377421 206866 851091 191685
356403 963728 241532 654864 777674 782680 438767 4330 877838 877534
372938 857740 782848 753000 617555 417986 984814 721956 492407 677576
775669 889061 71968 711990 615170 675022 35984 413280 154142 567049
167955 855883 412040 445434 385080 311939 960873 318840 222717 566883
105205 492245 381235 378810 471240 949212 288368 709151 395699 235620
5849 854219 381302 215006 147876 171298 460227 279433 733108 85649
269435 824199 700408 416691 864375 810509 326315 654878 178436 350204
152458 658473 331136 249939 875241 455796 227898 411389 161458 214168
539978 179770 557292 914282 294670 269989 754178 718878 180995 843933
659645 14968 62796 403741 184613 807482 742264 353573 58747 829565
179130 599611 89565 270637 339253 12114 631148 96285 440310 103479
702807 340900 456564 481511 628294 430078 648222 507001 628324 314162
541930 220986 118706 539625 475567 951134 601133 285667 911545 378461
909746 896226 441317 420053 989080 486283 529990 536615 743948 972566
871470 150349 175377 950465 986838 51857 930440 469328 493419 423236
224970 49661 41530 70237 78194 966859 874591 365174 929933 83060
603089 292683 490859 493025 494689 585366 403967 183718 488879 363932
639048 993604 939111 916363 13130 573412 6565 464143 994023 428654
716915 690969 743025 291188 315649 814463 503646 878523 582376 229161
782870 451047 302644 15959 239194 645193 747396 688788 344394 46918
438409 196317 224161 539378 269689 611684 765499 800642 506231 485125
163588 715815 363881 679728 4759 479856 727762 231389 783731 166126
239835 393120 943304 253065 179124 858429 197348 394696 62153 620461
134653 681833 172175 323030 509935 519902 725863 161515 643079 768168
282383 882722 913372 564766 122780 659329 657708 746058 907182 692920
162488 704932 324976 776361 295157 159839 714972 489627 268767 241473
635417 190584 143567 332156 296897 12264 552159 972757 790857 24528
524442 523448 91301 956406 262221 158024 24793 118802 113662 669998
585720 386232 515891 642492 724327 321246 462957 237255 484773 314055
523442 261721 272211 984508 13660 90508 30889 639588 448454 277810
639558 935173 613160 908619 389229 306580 842097 814563 736307 817791
887805 436703 457464 924670 616403 716423 108773 248665 504958 462335
782562 954229 12097 322113 644226 160996 254784 764070 823747 956939
206957 207010 340168 528908 51066 489994 778065 693898 965112 170084
730769 789460 535646 144282 430207 542537 618961 918106 267823 958773
170823 748554 685021 916330 374277 861544 343855 945770 793024 885245
773877 545609 43879 336726 795940 359518 673452 851881 92470 820812
288493 936271 437692 109898 323352 54949 704159 466973 347158 311494
887948 220302 10997 983199 643514 435120 440604 875705 620185 605541
514672 643967 935329 116139 951777 952106 340814 170407 368186 88760
320070 808653 93421 553547 449904 47525 342947 550317 990630 899808
641582 485076 640395 872470 329016 707854 288710 584524 658032 251576
391904 791837 913070 738117 461955 756553 153713 763161 155155 195952
447849 261757 365590 143678 287356 886245 764063 803078 12501 172170
978377 349034 747979 792373 521354 89752 48170 199692 383681 399384
403639 545728 195809 686366 44016 756852 125571 233437 807278 559866
286345 108917 18104 901633 1584 239860 747390 217834 558155 533088
357969 483398 112916 467582 436203 703399 872406 16523 391620 502146
936957 862006 540114 339250 119534 270057 371284 63104 775214 548734
488624 906539 648949 481122 847024 244312 647865 553847 946614 332451
710707 431609 136006 537933 985491 73874 165047 272012 547417 621358
410458 840047 571363 117053 791394 297026 965822 143659 547456 273728
128139 207914 493223 553830 415828 959789 165564 618056 675195 338429
963218 790627 700078 461691 26741 807450 172570 549589 345140 234766
274050 830620 92554 440846 901864 185108 312425 851688 786944 810821
873214 130145 260290 15728 632818 358605 763852 724767 700478 95344
825353 917389 471590 963770 30741 347079 264829 529658 654209 630825
148178 551465 552987 845198 83252 166504 975905 417833 340502 934461
560902 270458 130738 32439 375025 598579 176488 415614 802176 261476
564481 496188 923407 8618 412576 798622 900124 635627 7541 17236
51517 914409 103034 366569 750561 470695 688031 45942 35194 696641
139450 658464 327901 712128 563193 589212 648809 171947 681036 329232
79114 632116 259505 718946 634002 688959 328250 332615 457484 914968
983440 46219 384870 769740 473091 617710 377857 412004 890929 419688
105250 307182 26223 8443 144774 103808 72387 865005 975142 43830
517817 944741 454188 133851 176975 908882 667610 267702 834108 464582
700724 118649 299319 350362 812900 596622 937556 633929 193740 297065
442996 535561 221498 673923 599669 113911 278104 47729 322390 116306
453623 851450 330815 661630 321582 671286 135710 100370 61053 312612
687070 836049 256992 152227 128496 521593 849032 633894 775353 335959
484404 740795 678337 968808 54709 366002 892134 761301 262663 979876
438756 517450 200447 669647 409733 649020 30546 913832 641408 320704
510115 660678 234704 457594 646898 642451 117352 7202 482702 617604
397974 920026 181457 749601 311560 716539 556314 866740 460013 255900
823924 145072 626663 190593 507259 125170 440215 381186 629030 308545
396110 601976 371430 441878 994526 198055 496808 104692 942380 473428
706731 356355 24514 840742 195254 328900 698959 712710 724457 205424
408401 145154 573792 423146 464121 458887 196090 85288 113074 816802
217468 475390 93680 648296 46840 2528 522436 541756 285281 825645
406539 165448 650297 188446 376892 108887 350772 223457 520729 579871
844469 465784 542259 765628 310613 320670 161099 621226 78524 228100
471224 356798 339649 552852 46173 543523 531981 679933 773561 679298
848797 236064 78810 455385 532646 835806 5818 191890 266323 111373
558653 409194 695077 18838 515352 50464 496896 818388 283918 249930
198290 263312 507615 468322 616257 812504 809136 99145 652103 162773
667503 706675 463163 327365 183964 390457 116924 214291 780914 151278
241731 227424 498933 693508 623576 979923 527415 313434 311788 631948
202903 405806 323370 663572 325854 680540 67254 321891 208452 543542
132762 108140 422185 418157 979880 611431 76795 939984 66381 256276
826739 524294 931574 993506 728072 753728 562560 469302 281280 9935
353596 953609 760354 127495 305215 84983 662907 71253 31352 15676
623417 371258 45794 405157 658820 22897 257437 805318 927426 558458
678814 363673 899529 150182 640721 339407 567021 868709 524899 294005
46647 6524 407081 117860 675479 34930 299802 438712 599604 733470
893380 328779 400819 490489 751953 657558 822587 576020 110118 743192
76293 787375 152586 877264 511826 13462 570689 380637 973598 125119
842338 832765 293536 714050 252013 370565 977812 741130 589238 534208
772403 266576 880837 429355 115296 549707 170078 533152 749484 675676
339764 803410 756947 501302 552752 435464 543789 720038 217732 184761
779134 389567 967260 641748 525417 213015 70052 400912 399724 652124
83869 464978 771037 51533 765466 619783 503288 964007 251644 4927
844037 34708 867289 802980 699798 988278 681409 449373 898106 449053
608666 392655 304333 981772 63453 487151 264331 117657 559585 265188
22811 602111 366944 733888 547864 84550 277747 372345 700956 489900
928116 252544 747004 320922 610881 66055 114459 641844 31124 375763
249874 989823 788707 724950 565251 381062 747267 544039 919891 362475
584031 329513 313855 623921 825444 594434 834487 659026 204109 645280
599576 951654 385482 188910 897273 379268 94455 613730 839064 722753
566082 342043 440617 515934 169874 569682 163047 861671 185040 370080
568871 916521 289639 158525 166092 483929 561577 854244 332184 371772
466958 452164 433540 127176 816141 216770 632199 898332 304640 181830
482480 28089 406165 526405 15244 964960 800861 518439 277123 97356
747241 58383 52651 586920 292261 970994 574668 293460 705507 834463
389978 93775 826014 572624 278131 500894 335091 932868 286312 138198
372940 58584 275071 183603 549903 15667 500262 29292 599297 722143
255534 717391 141577 660771 181448 766613 973092 475630 268867 486546
882120 268796 793634 700056 578257 180640 900694 815714 376733 537592
438810 947106 659869 176660 931088 991166 599030 465544 794830 968082
592714 496628 58818 874473 431815 248314 496624 646265 430282 132334
856418 812844 407621 964725 839272 406422 657313 751628 152656 586451
478870 693834 846487 240307 324072 887843 79699 159398 925641 82384
889761 553371 930512 448659 843902 450613 423198 339824 9842 421951
802862 630526 668004 498546 155376 952938 886977 931914 249273 677377
183873 322588 822307 901013 944670 211909 530721 161294 19821 250789
814204 433939 316400 340137 407102 168260 732888 820480 425841 490865
271923 703720 824144 513840 586175 813108 260054 351860 911071 404313
183326 778777 259172 164844 203508 430158 808461 120218 60109 584440
609829 626562 515211 350830 134011 877866 782299 166173 438933 224034
650003 846077 310185 440354 243919 407243 505732 86928 363793 620370
889001 221740 113395 829624 122226 625207 13210 6605 364938 979229
855923 974532 347016 726114 671464 363057 38704 987455 897223 370874
451939 677727 831597 96514 48722 800040 331827 647967 945737 663654
910025 130158 918261 260316 240656 982560 247397 429242 887070 372545
867440 84872 495662 690339 127474 863332 990265 433720 917692 779284
699098 502940 94628 818856 864916 47314 667602 134750 825497 118680
308151 734687 573116 68388 413900 892281 616302 133735 156000 809694
189895 472647 67214 431871 386987 460883 945294 303856 848335 338021
437191 785657 799063 874382 695593 58251 730362 376038 274474 995152
927962 58274 29137 905805 217797 231860 652939 744337 145569 917765
29399 162086 476941 812678 107664 58798 958981 909284 48040 248740
241853 483706 238399 976225 308695 720404 623762 959544 507304 982787
685758 266878 162678 122212 320287 495827 991654 845504 682306 64841
406301 812602 991573 324014 287694 894328 518194 941948 403652 488665
223240 370906 927255 259527 175212 462314 924628 493716 86058 63849
555838 393556 688256 920741 68698 938122 302853 304720 494814 344128
238432 601763 908232 678973 154224 576324 308448 115620 922618 934137
972963 418151 538448 497312 704932 955829 694615 215511 140249 248656
582473 287234 143617 47240 988583 790707 636990 208087 22349 219436
257893 519145 649936 740556 745766 901982 500142 143141 334693 450991
278661 593247 404030 421656 858641 154592 349181 210828 735628 328919
475402 652218 380628 98280 403473 962837 803672 287308 143654 789633
811165 448273 354090 6416 762671 204195 12832 912003 143816 737550
982519 457768 374601 418752 837504 949811 444998 303270 917652 558792
85466 116802 7555 808582 30704 214215 622758 907128 189722 58401
365761 124555 759701 218163 873102 517565 746996 752213 41707 731522
888975 598286 335294 878647 716787 456446 912892 606676 328088 324064
960908 385937 297545 891621 38777 198940 229920 984593 480454 550528
83634 675870 286039 440099 880198 310739 35787 306652 152525 717681
224874 314887 256249 937638 893200 522136 112437 428666 999779 733532
600964 225241 437399 664666 878468 207160 489936 634073 414320 776173
55273 231616 745804 372902 729497 883333 482223 248638 484929 401350
983288 935271 22392 941751 681134 134920 964941 84164 491644 21170
773420 81817 134991 428354 463406 163634 744973 375485 748676 93650
896708 496491 216380 611360 418878 614136 456045 912090 562687 97243
875401 407795 323622 809597 427858 161811 735857 547901 960357 798298
398384 308411 33347 766958 731353 907152 736527 783332 260520 199192
657922 661044 926925 971398 297288 239672 401361 451386 701256 902772
626279 19924 578184 164037 194338 39848 292311 881964 825311 759612
990043 221464 857171 956949 257432 34582 26963 375275 372463 442928
998308 348601 698766 141870 950868 974685 477874 212123 957420 424246
340732 354575 67715 801219 48941 188746 192822 729692 780370 681464
97910 687488 147612 390041 872840 79118 202066 489091 62631 73806
249663 114439 56858 902924 786301 669862 329164 488970 574021 499326
491229 403405 299206 814161 451565 532774 425252 174428 212626 608435
324139 558200 892778 72153 16244 258615 484620 517149 144306 560080
518905 503590 161677 553803 238934 44647 89294 820275 453590 159554
43296 882578 885557 655706 441289 497357 980339 137761 422844 804161
340583 910460 8121 49944 263650 24972 666641 461315 450168 246242
766362 73640 242727 241253 900326 874394 485454 401028 702723 388762
634724 194132 781520 1161 926080 529845 475189 457643 407355 463040
197970 19647 337989 161731 335185 455641 552999 323462 960695 610782
616922 434225 785790 100900 507259 369350 920679 308461 994757 609649
44451 441848 883696 489744 852204 977814 823917 692579 650757 93211
979483 447298 576326 672843 281934 536335 292486 408578 267889 288163
772882 115231 813435 271852 139793 94896 961316 549670 353767 279586
785194 231294 932110 111808 914127 962444 556345 536900 837518 268450
318864 527092 24247 489801 698017 45850 756346 979602 367943 141716
355938 847299 828160 879155 450005 286034 810690 711876 728400 654851
933716 804040 51962 815260 103924 140871 756740 795773 258675 693105
155283 364058 607286 138762 462088 939230 924176 209370 912739 687973
78645 918599 996482 25931 604051 157290 821778 663005 114626 62493
58753 824427 100889 387464 5552 2776 586660 732894 549416 82301
459058 671804 840798 136036 501589 342095 41061 695140 45690 684190
208521 720792 342329 903338 125501 125372 164320 66794 360396 316628
351159 986017 937658 122254 419568 208628 209784 858687 714917 637189
550268 744560 175811 450927 901854 289347 105619 550724 131308 553349
296655 175455 18984 113188 488193 853115 519685 350910 930504 698863
732032 776350 184889 696043 950669 388175 269156 846809 52363 908326
783603 991334 897469 610367 197659 675645 411658 205829 354041 844644
792378 323346 625566 645834 163733 509785 496377 467095 934725 327466
408288 2524 1262 388353 721729 254896 314236 566129 689100 299399
350740 26805 268185 175370 339967 935228 854529 249606 748632 70452
676112 179728 506703 537787 130367 412192 270705 610181 206096 149297
337594 724730 19710 409563 550553 751182 633807 9855 870439 826778
556072 88338 747578 832483 542255 235371 318011 202983 405966 254811
411941 350878 587768 853059 770004 293884 354390 543052 518539 155514
444835 352594 898992 705188 902693 666013 416864 917564 206943 26620
432493 171421 49430 50763 766373 721743 29844 661119 14922 179714
694926 38823 719708 503555 840225 242260 206365 291110 347463 470442
828596 101218 50609 99868 259808 970738 544666 863967 546309 637837
10715 402662 774796 673198 754366 201331 729013 622927 768268 930213
927036 639002 983732 588534 523521 964059 237282 360604 319501 574588
10225 496996 884884 942056 819283 723589 308285 707576 353788 752204
905545 51922 466973 25961 132918 769067 931046 274241 147375 279418
687743 235260 782215 526150 93893 70103 378400 140206 836489 170529
56212 205919 504900 580631 950299 928552 572814 777724 252450 123940
795506 568750 250069 665794 86823 397753 341352 523277 787290 441553
961183 657585 534889 859083 228843 268510 87760 43880 921787 739486
190573 381146 370124 911589 391132 303155 64583 428152 365197 155173
90062 293112 835248 74306 537322 829850 720117 148612 419579 610564
886813 357886 522899 973338 803096 178943 590897 135281 935394 594870
838658 336620 711328 484494 355664 539495 250761 742392 199888 835178
503010 581512 792704 793836 547994 273997 620280 411458 667121 845323
67850 212336 587859 16266 512674 197043 709902 121286 8133 309024
769250 54759 713126 846866 711573 423433 266842 483633 403898 920028
877739 846382 775591 21251 191790 93136 335554 383580 781210 255767
69435 287246 974535 287016 447503 970681 238432 331254 476864 637804
619568 29531 196313 59062 475129 369912 44258 542806 312790 436511
351040 89254 488332 715618 860549 147557 388809 333484 972129 666968
945808 756243 771408 146721 886985 765733 188055 129839 293442 888137
576599 231993 390795 959814 463986 178675 743495 267148 752288 684522
181474 98070 72743 533182 467512 196140 964133 953729 413710 236229
495332 324986 162493 568365 147327 410577 610464 662953 946150 302224
914653 910617 522569 266350 992942 920352 133175 704198 63711 287822
905173 136359 422469 914402 628077 296948 409359 675295 841852 818718
230811 318969 285726 468853 287941 788768 651770 641198 907500 571452
150265 324688 501429 866123 48568 189462 413206 390278 940076 24284
239061 460960 504379 879514 907034 654937 921920 561548 83929 267558
960679 29432 425841 267586 485628 247298 876680 932831 261199 971256
736299 671454 337523 233056 335727 22582 528076 674515 205299 480485
36141 72177 763328 554846 44091 187205 374410 699335 707420 746188
364183 552510 776495 867747 840258 368638 252547 181862 469660 234830
199945 926246 194832 380401 729622 748487 389664 324040 660163 792721
414434 207217 225011 531727 645380 228428 547814 886300 78345 737887
784593 569064 284532 521556 727551 646604 668553 206831 85239 394996
407910 777443 897540 373386 515496 815820 384640 714749 724218 776561
521488 833194 416597 966814 854154 111187 680035 782969 474946 58243
58387 700222 827527 131045 111220 973312 808376 831415 441481 262090
83057 548971 9434 20425 40850 128161 758473 380927 316887 117303
628817 645886 781767 211242 158681 954571 771990 84075 895453 168150
6819 66722 175873 133444 752510 13056 473782 680951 868534 984687
84530 727694 815530 599000 532799 76588 842010 951501 56275 363847
855247 549961 17234 556860 283466 912140 473787 862382 34468 686218
284573 353308 252060 952306 156572 561679 363207 123779 569146 648227
947303 257771 117657 261916 191688 235314 136856 516950 983323 285147
86656 956456 85697 404946 380937 468887 171394 681819 189433 853173
798212 374699 858094 531951 583521 749398 188954 657866 552546 556363
118494 160063 431176 236988 473947 801399 127886 959887 372443 997586
890923 514099 599202 21300 948116 847803 131702 87890 42600 143405
354286 419184 703333 177143 228958 237867 126893 922822 81649 282267
243532 694625 374090 550333 77233 154466 548233 31762 946459 795877
146249 465099 48739 350712 930099 97478 296591 951217 712491 324706
986155 983886 229779 726908 483797 159591 809505 774870 191585 459558
368170 647698 344808 980785 729641 236826 323849 394925 883211 950765
90733 443772 138003 861213 507677 987671 418315 414740 524981 836630
36345 954427 301528 87175 900615 284067 524152 373494 174350 699751
595388 451569 217327 86487 904258 408127 82141 172974 504088 358593
474826 994396 117694 237413 410490 217516 716757 389693 839211 955458
335481 958237 205145 928994 721551 760825 412364 206182 86078 873040
875598 707518 669711 997587 808729 812752 124876 702711 868139 62438
745295 944673 782393 898859 1172 566233 392742 652978 299362 785484
391124 127987 171075 598884 787257 936545 530241 306402 4615 9230
264725 502367 311332 784671 622664 188779 557092 882882 381131 869248
947183 427082 701782 161179 836937 45666 91332 802048 564535 854210
289359 498051 145100 490825 349730 825399 131694 779904 263388 956097
546290 44733 273145 616373 599439 511528 939439 591221 889310 55996
963358 990631 336893 444213 283127 484744 566254 730662 33389 119991
401251 37830 785422 486615 676981 435286 473429 113092 392711 445775
344842 686430 48491 315660 901544 48911 157830 804200 312253 282602
698586 997336 211075 877650 156405 511437 482308 241154 623552 247226
415715 565763 961245 908626 454313 339156 274709 57461 585621 149631
359223 228494 989033 65680 275800 260360 565115 74178 472703 945406
635054 473702 147981 420081 802284 41493 395495 295962 676975 213239
406420 407567 815134 816837 281862 40989 612942 99785 978243 779591
245590 478109 766885 122795 282170 674762 501076 759560 548001 271313
756453 657651 536752 742449 771980 529607 385990 99326 962867 356795
940713 378482 9618 97382 767393 4809 951582 91143 545680 361565
714706 375538 398602 592538 438130 219065 553149 289610 880325 971195
807670 226053 816690 553500 985095 553614 539235 452106 836022 825684
777451 6904 2754 309169 549007 764139 153913 871156 818128 1377
353228 354162 222588 706456 547234 939531 877263 953049 893856 512832
98057 762952 673375 381476 806761 343692 219315 216637 642728 304943
612209 822790 400205 955979 87932 966970 221425 639689 308930 175864
480217 610670 572591 623425 338178 243474 47386 121737 520427 644137
294783 279061 57796 169585 558122 61493 80854 608576 828999 457479
567901 961698 942997 663990 604743 988424 315564 310516 741463 331995
711691 365729 169337 965707 507924 365018 159313 671672 731458 130699
820416 797446 350559 555382 497303 172408 344816 965876 302980 743702
303531 274159 53315 472262 892903 172179 719471 540770 493159 270385
604312 207063 633706 316853 973805 761419 918930 228042 789660 181638
247753 268997 289500 636714 954154 537994 60628 984336 109368 236318
340904 497058 714680 113901 602154 357340 616064 816601 65756 14751
491258 989869 623661 602707 402430 403621 784167 201215 107119 295110
583462 885769 239041 424808 563253 900090 464844 914835 512174 291731
27613 583185 740554 682010 383660 509238 149082 192476 23966 767320
716474 899248 209965 253579 981633 563211 486445 204017 652706 972890
742126 621591 619616 5311 371063 802808 681434 114294 81358 668849
389709 834744 326810 140840 281680 543206 575082 806549 821992 740013
715626 290488 54540 364493 892757 627635 592872 225193 823360 580976
313770 627540 454631 799494 915325 40958 370549 66362 843746 206840
101751 294691 203502 933054 547814 602064 260331 494936 370480 520014
767622 138646 670440 904548 221710 644471 379951 524337 383811 480392
858977 143029 960230 184845 917146 484158 970008 272191 992583 968316
315502 148930 141564 312940 747990 89297 625880 657834 125211 980257
496272 905652 130162 828167 41737 338468 423577 679945 797648 65081
492146 12557 971911 771342 764441 933449 331842 165921 313567 36815
361742 413034 686054 206517 523790 309280 439652 849713 546363 166065
90069 750566 522923 35520 439654 107749 511738 908945 341844 17760
552202 462254 217540 231127 186902 901524 745724 138891 828343 320200
738388 642753 506244 253122 961304 546479 380288 882410 157384 6266
414790 184988 577228 412744 711142 422038 157608 207395 640455 523571
85449 483805 423700 856388 458273 522557 916546 177744 518025 23805
403019 806038 938086 676833 543242 123439 516381 506420 917453 564768
317814 158907 175916 951752 734166 307675 290105 823711 832007 173688
772633 10679 254304 552970 90915 798610 367460 843917 65009 181830
822440 694018 547103 78868 396755 678418 451390 282002 339209 131016
579411 698022 996590 349011 445056 566709 368904 281119 474376 418934
904436 186636 86157 521555 45500 286654 537061 620289 93318 328888
936342 775708 83160 534234 83655 321788 345645 313900 451611 903222
606202 785618 116747 907810 124959 990870 749324 567766 374662 287043
368070 452811 709988 24036 375772 704377 736140 173353 640030 68453
860195 871086 39026 629183 840003 299864 180596 78052 582645 714929
361030 458157 175757 670070 723188 180515 275008 929350 481164 792035
471146 343726 119500 289234 92800 46400 491186 549321 891132 106535
150940 234101 235552 942849 866016 609021 953047 884260 471104 271173
547885 37266 392898 290467 72849 7960 279424 507021 604421 139712
130544 952765 359558 515089 719116 492844 678989 225896 646965 350945
56091 753739 775422 257925 28682 966043 844953 257025 262777 525554
103058 564396 513472 105071 789985 157422 996595 282198 699273 190907
17782 809602 35564 795164 513578 7108 617052 96764 133990 113222
273316 992424 615444 151862 571540 263983 585319 464069 307722 285115
392786 762929 766696 827444 71622 135615 413722 89672 21692 776609
172794 345588 105560 34578 160945 162995 806473 276607 906034 308670
71096 309390 320327 962179 186829 369601 625962 35548 590877 407317
708817 401879 504184 453775 582451 850368 146157 420235 425184 913853
372942 988182 66443 317476 634952 938404 487955 755975 655157 728112
312706 625412 334194 957566 927836 601450 302831 81971 193823 683276
105656 393941 117230 818139 58615 513392 430440 357050 105509 707072
568265 445798 603785 336534 886374 258756 677785 646702 136542 517512
107205 50868 482583 25434 519777 180682 720820 867558 218925 282865
708234 468694 970441 342619 829428 736654 69174 597763 462100 924200
154152 111275 726962 59539 239586 377263 602085 77076 526206 521392
21537 418410 157923 917364 968570 800791 166038 856175 332076 424248
981304 289946 100971 535573 863540 352792 176396 128509 966776 391410
573267 185494 606262 699691 92747 286508 858070 584834 168995 257832
393489 33787 351586 950050 557285 795325 459098 628868 179096 229549
371755 540262 347770 451108 335636 259712 649360 793113 12333 695540
572529 370745 876928 347847 989247 173614 438464 707619 781592 97109
361661 411955 154772 285004 799143 823910 474343 327233 270264 521568
829738 848020 906924 447 505963 112127 139681 211426 422852 762340
952606 849470 499846 379648 918289 30960 281237 476303 530633 608475
789824 942179 444548 316260 117874 686671 492728 317429 985456 947862
429578 984616 728888 294614 411633 853004 494198 40107 823266 102535
578202 324521 149615 365764 596675 289101 428508 824023 39478 18255
860602 855446 141420 140970 778754 607741 427723 573318 33222 413475
581625 738140 228113 679365 416355 342664 743463 409324 17910 818648
96998 386092 639411 492309 303867 582654 476499 35818 952998 657205
20059 40118 910884 397255 689540 445203 344059 776215 224339 846076
948767 232146 725945 503329 713689 746410 583239 761228 98956 373205
684794 269370 388353 210167 353544 954231 357547 544853 847716 423858
553060 895015 235094 172886 600526 540026 760933 270013 753601 971768
558105 224897 191999 246451 397256 440639 447372 38926 649882 383998
7686 652538 911992 639764 237128 693372 950396 396333 346686 942977
724708 336087 238235 118321 980066 464397 158383 481480 236642 87187
15374 822505 524870 262435 419925 766349 111277 774439 292571 630654
10469 269604 428490 557557 415711 223660 988516 214245 376385 24300
17426 798576 765024 50424 101167 171476 441200 100848 231184 542952
119305 302833 338937 348764 585172 292586 325399 425962 798733 935617
451102 225551 635236 122203 583507 129273 427320 148403 880368 660962
44540 343182 865318 686364 217971 504889 258330 454921 631248 741743
736129 372499 894003 30441 146377 895568 32975 308513 441371 292754
883218 434708 987619 495561 54224 971672 441609 354175 684655 527423
62352 359228 620454 450061 358930 516300 532456 179614 137787 325826
433280 754829 477320 669668 315837 664502 216640 833821 748077 18248
603349 394350 541154 379684 756970 914401 544134 934174 285598 272067
706718 692024 799436 857946 689292 525183 258854 344646 127434 242165
278056 139028 972893 167771 790723 552681 297033 929099 532230 219604
666078 860968 648534 71999 401690 853782 449618 803380 898666 8285
44523 564093 197346 864338 323375 671011 33758 145068 369268 290136
88224 491676 191015 144004 671004 189977 214460 58966 458644 428920
236999 163422 633704 872998 322607 128303 473998 243133 706173 627894
544895 580740 853464 375103 715432 750206 753163 309134 762300 913721
514576 206770 882068 174146 103385 747742 834462 76437 248683 109515
104684 353446 423915 676486 274516 506136 99525 537110 568257 338243
104387 549602 386017 195620 665199 391240 282089 51599 143907 889170
129944 87142 174284 790759 883935 701539 177163 620998 500449 391111
673582 259201 77268 837378 862791 27383 853977 38634 980179 729066
764246 891040 756283 535496 477499 907514 445520 229483 12667 384930
798214 913465 354607 31758 424885 852647 445920 95085 399107 816778
430704 215352 208301 654164 332830 762075 80186 207577 50690 643699
725808 747810 260862 130431 270878 156124 822175 80673 428857 413287
393424 768158 412264 206132 589945 109906 845633 102853 966007 353736
85597 738112 280505 264548 518730 835626 847922 57909 259365 554075
296747 971746 274418 765028 329332 293720 504260 252130 218935 632269
252450 419360 148120 126225 631470 572420 604965 945578 784315 538322
197355 177976 976809 498151 109524 923689 717778 219048 682711 650421
204787 209961 262154 421392 961775 523915 416960 683705 842784 541055
234384 440485 515396 918025 9147 649967 923141 18294 303164 307972
483908 426498 808535 477023 610263 967816 716541 996140 151535 175639
584219 75374 455064 910128 105330 25912 373673 283248 762769 835302
229170 79835 751751 641454 711643 554703 674985 525623 609037 458340
81461 203836 300556 162922 374692 113388 671259 539175 61849 495711
309735 400467 779202 883640 865987 220115 809631 441820 842190 773403
134013 45691 117225 243002 486004 372704 869050 744620 352400 573984
285162 245805 906226 67022 134044 536829 546779 731774 968974 673197
740078 388152 484744 6557 13114 282178 426144 143071 499963 297853
267405 146431 137640 68820 723181 884498 859473 109190 82959 853742
716029 302690 30740 15370 655468 507077 632059 596553 969918 535624
232764 717081 127821 740005 105593 124188 927999 116382 300199 846320
24543 524597 303909 334205 27526 528648 824650 515204 732186 13763
174496 75244 258216 163196 298731 583779 134491 430606 151762 326392
709738 993791 581274 792983 300126 888886 273338 920073 178342 356684
460333 79030 467594 905021 771281 592640 285758 313959 296320 442726
299460 238907 243808 551004 289168 510256 287770 998164 620787 578336
174471 516913 121996 863338 348942 6177 13545 259947 473728 769029
2032 102875 815539 219113 174193 348386 637631 723278 64176 554417
194188 160105 504590 683095 913251 548563 252295 171531 364352 21127
453438 440469 473734 825624 261480 172492 412812 885310 485120 374766
309084 619643 17701 675679 899143 32769 618098 65538 372199 99900
155229 931024 553597 231445 997979 736434 705329 611797 156817 310458
774377 635507 321129 207486 942856 110638 103743 361832 843982 619395
59287 225158 577859 738438 63232 619364 43462 528504 605555 450316
120076 8189 329531 437339 952373 16378 966504 716215 891865 268845
440295 10380 928385 789154 285250 957161 20298 142625 125149 282673
99944 143290 107600 605882 568820 739270 970009 413032 302941 48818
96686 475025 386287 454678 852525 84795 835434 845614 546336 227339
114746 101617 671225 919598 27375 43356 453282 990327 60380 30190
691211 102765 83613 309212 28536 853852 825310 230703 830703 14268
195569 152964 361235 652190 326095 12170 551445 37242 306425 929297
958322 839043 89290 489452 44645 5970 148874 886145 923672 429352
345291 535205 27951 188204 745912 661007 338599 128189 376408 335447
898592 117305 476128 609550 296670 132280 257091 482428 66140 125442
341760 41013 541635 947143 337901 387551 879180 675802 511969 495844
873255 809035 91164 751452 119471 961732 369638 782176 380510 238942
135706 70306 147607 895200 616264 35153 765594 984606 809105 254955
228228 26741 866733 660612 486121 319633 456456 195353 38633 71541
333261 493507 499054 400405 744242 320317 874572 834672 998108 283891
696505 863401 84187 177348 354696 755932 268890 461210 392754 849174
8871 73520 433688 713140 477998 216844 205905 428738 958035 400226
377029 414873 366294 249514 582621 482274 421693 180235 843386 684439
156098 98654 32270 215500 703091 197308 23617 315608 94036 403195
49316 275984 118550 59275 684193 286774 472596 160768 964100 91111
370573 339362 726201 678724 316837 715962 312771 159475 67639 201738
78579 746477 347908 209824 277999 330760 165380 38272 652184 442329
277972 957025 741589 254534 158417 149081 963139 960508 555944 119017
632571 649843 979808 395653 471424 303108 326119 298930 400716 942848
895222 280548 203042 951257 684239 946128 447611 908482 878018 373896
577982 356662 590399 353457 911209 320451 670923 640902 496192 492496
522500 428546 946663 701058 261250 155809 517598 773993 961556 872860
994193 110417 68637 447680 372041 265744 14673 63712 223840 764166
799865 754889 193256 551344 516955 275672 242745 991263 308576 734274
204024 682325 789294 658020 102012 862435 49318 76185 691306 92505
710244 956646 18957 615647 26844 37914 543745 420633 990849 621820
286605 725325 898527 265614 769771 264114 420709 663266 488656 331633
37509 461937 88872 323578 243176 506155 198958 696931 486352 455492
650361 630113 444501 973237 354560 359996 113675 567043 13968 27936
471066 263002 426380 809280 361657 502603 784694 131501 922653 565952
736947 351922 249775 762156 609957 193342 719150 700378 593759 386684
829236 490422 1178 589 82370 856817 987516 843939 639947 447084
924295 6476 534959 355466 177733 41995 208297 27759 304156 219440
382322 68225 111730 85967 637467 784090 678113 768322 394680 171934
104648 30919 488922 55750 160012 58854 305922 548098 209296 499236
594731 312915 464128 264871 962407 625830 10428 75891 491911 840097
260521 904297 43830 729273 950824 475412 450985 395561 563981 487727
858592 70114 407512 203756 571651 815729 115510 409393 721313 527896
928968 693705 205918 472353 856268 297095 371863 594190 995715 503152
267105 188186 697392 284855 382032 273090 327903 392350 655806 505754
776418 615975 288328 598223 769111 563187 388209 957094 960060 584902
247621 545404 499999 338240 710162 259460 502474 761993 518920 599563
192072 659520 352658 38698 12001 223018 447020 176329 537902 128921
186385 585844 662608 110641 627998 112030 797413 372770 460034 710142
222299 444598 987884 262085 201995 429841 82095 723520 290172 660607
380194 166282 768268 499782 916271 249891 195942 915317 783576 833126
