175934
175991
176009
176058
176105
176131
176144
176165
176175
176249
176276
176296
176374
176422
176476
176492
176565
176607
176611
176628
176658
176682
176720
176805
176857
176941
176965
177049
177089
177107
177167
177245
177267
177274
177314
177369
177414
177487
177538
177577
177616
177674
177727
177774
177832
177896
177939
177983
178019
178026
178083
178159
178219
178251
178280
178330
178414
178434
178486
178524
178586
178612
178624
178664
178678
178753
178825
178830
178842
178889
178971
178984
179057
179081
179091
179125
179205
179231
179283
179333
179362
179423
179470
179498
179559
179602
179659
179730
179737
179780
179844
179858
179917
179919
179981
180038
180057
180061
180127
180155
180213
180235
180302
180357
180399
180447
180450
180501
180509
180529
180548
180574
180583
180622
180641
180642
180676
180706
180713
180735
180777
180839
180916
180956
180968
181046
181058
181072
181079
181087
181169
181181
181187
181203
181275
181289
181326
181353
181431
181439
181468
181518
181559
181561
181593
181667
181712
181797
181851
181923
181948
181990
182069
182106
182148
182152
182221
182288
182365
182449
182506
182590
182621
182642
182699
182763
182816
182887
182965
183035
183094
183174
183222
183268
183298
183349
183399
183460
183506
183573
183598
183644
183718
183774
183855
183894
183964
183983
184064
184076
184152
184196
184221
184237
184268
184322
184378
184407
184429
184459
184544
184582
184666
184690
184704
184735
184819
184901
184957
184959
184961
185018
185081
185139
185168
185241
185275
185344
185353
185356
185380
185397
185449
185499
185515
185543
185593
185647
185700
185729
185806
185861
185910
185934
186015
186077
186082
186119
186159
186209
186253
186304
186359
186398
186444
186496
186541
186568
186584
186642
186712
186779
186842
186855
186920
186980
186989
187064
187095
187153
187172
187220
187233
187281
187358
187359
187367
187447
187521
187557
187625
187699
187783
187805
187889
187969
188051
188064
188091
188109
188119
188140
188208
188271
188286
188364
188373
188442
188467
188539
188551
188636
188659
188677
188678
188711
188720
188772
188850
188932
188974
189016
189096
189131
189179
189182
189232
189299
189360
189367
189406
189433
189481
189534
189603
189646
189680
189752
189823
189858
189870
189952
190023
190108
190142
190188
190219
190243
190326
190336
190419
190476
190498
190540
190614
190629
190683
190759
190831
190865
190941
190992
191000
191033
191047
191123
191200
191231
191272
191312
191386
191465
191535
191585
191653
191673
191727
191754
191785
191827
191834
191861
191939
191972
192036
192070
192088
192104
192182
192203
192249
192284
192369
192371
192433
192491
192502
192545
192597
192610
192687
192713
192792
192826
192851
192911
192931
192982
192997
193066
193144
193198
193212
193258
193275
193333
193343
193379
193438
193487
193490
193573
193651
193718
193799
193884
193951
194031
194045
194124
194166
194228
194252
194288
194355
194380
194435
194453
194510
194538
194545
194562
194585
194597
194680
194707
194726
194760
194822
194862
194894
194956
195034
195071
195103
195116
195171
195233
195246
195308
195354
195435
195483
195536
195560
195586
195601
195658
195683
195702
195727
195802
195840
195925
195936
195944
195950
195963
195979
195994
196053
196114
196171
196201
196274
196280
196337
196407
196422
196426
196467
196521
196530
196557
196601
196680
196694
196733
196797
196843
196892
196894
196968
197034
197065
197089
197141
197218
197294
197379
197412
197485
197487
197506
197588
197634
197669
197742
197810
197862
197871
197932
197980
198053
198124
198194
198267
198350
198380
198393
198455
198466
198529
198538
198540
198625
198689
198748
198781
198802
198855
198936
198948
199021
199030
199078
199108
199113
199166
199199
199234
199237
199294
199314
199330
199374
199382
199412
199483
199525
199556
199634
199671
199722
199732
199811
199843
199885
199956
200040
200093
200116
200151
200208
200272
200326
200373
200444
200485
200531
200570
200597
200623
200650
200713
200758
200842
200890
200930
200998
201081
201148
201190
201274
201323
201405
201423
201472
201510
201576
201644
201665
201688
201759
201814
201827
201843
201881
201923
201976
202032
202065
202150
202183
202240
202290
202293
202373
202387
202435
202508
202554
202596
202636
202641
202681
202682
202707
202732
202746
202760
202808
202893
202918
202967
202975
203016
203080
203140
203161
203244
203252
203254
203259
203298
203357
203412
203448
203498
203499
203536
203600
203607
203613
203664
203672
203676
203747
203776
203860
203907
203936
204013
204059
204100
204111
204141
204201
204251
204266
204297
204378
204432
204494
204508
204549
204603
204637
204649
204700
204736
204816
204839
204920
204990
205053
205132
205166
205220
205266
205279
205343
205401
205447
205509
205549
205569
205647
205723
205769
205839
205892
205914
205961
206018
206077
206084
206151
206170
206249
206274
206293
206363
206434
206487
206571
206576
206608
206671
206753
206796
206831
206843
206853
206908
206936
206956
206986
207059
207093
207128
207210
207220
207277
207285
207315
207322
207340
207382
207448
207530
207562
207619
207694
207721
207782
207806
207813
207822
207828
207849
207930
207957
207991
208025
208093
208102
208153
208182
208235
208239
208281
208300
208311
208333
208342
208354
208416
208444
208526
208582
208655
208670
208702
208722
208739
208741
208743
208810
208893
208945
209004
209007
209054
209085
209090
209173
209203
209287
209364
209421
209456
209530
209581
209643
209677
209681
209684
209704
209772
209785
209813
209868
209872
209940
209964
210033
210114
210179
210200
210249
210326
210365
210439
210478
210532
210576
210613
210646
210703
210724
210754
210810
210814
210828
210859
210864
210897
210974
210987
211016
211051
211119
211164
211244
211303
211335
211360
211429
211468
211520
211525
211570
211636
211689
211707
211772
211847
211858
211867
211872
211939
211975
212038
212102
212164
212244
212281
212286
212288
212372
212396
212479
212549
212615
212686
212734
212753
212793
212863
212896
212934
213013
213081
213106
213111
213132
213156
213182
213235
213275
213280
213291
213310
213311
213329
213405
213488
213544
213561
213569
213638
213645
213726
213787
213832
213862
213890
213940
213988
214043
214096
214119
214133
214196
214274
214322
214374
214443
214494
214528
214535
214549
214614
214688
214760
214766
214839
214883
214967
215032
215064
215146
215229
215249
215315
215316
215336
215388
215427
215437
215481
215554
215556
215615
215616
215672
215698
215723
215793
215819
215827
215888
215901
215944
215984
215985
215999
216084
216125
216200
216266
216337
216365
216390
216466
216537
216599
216668
216694
216756
216829
216900
216952
217037
217119
217126
217197
217242
217304
217382
217432
217442
217525
217600
217644
217673
217701
217724
217791
217806
217843
217861
217866
217937
218018
218097
218161
218176
218209
218288
218321
218392
218418
218503
218578
218629
218641
218681
218705
218712
218745
218755
218838
218840
218896
218976
219004
219016
219078
219117
219145
219184
219185
219191
219226
219228
219297
219311
219333
219357
219381
219383
219391
219451
219525
219562
219595
219611
219693
219758
219767
219783
219858
219871
219877
219922
219939
220010
220020
220044
220110
220173
220192
220193
220199
220202
220256
220289
220339
220375
220387
220440
220466
220486
220562
220586
220629
220669
220716
220752
220827
220873
220907
220976
221030
221052
221086
221132
221155
221161
221173
221202
221256
221299
221317
221347
221430
221478
221494
221523
221533
221608
221661
221737
221805
221835
221883
221884
221936
221968
222041
222117
222134
222216
222281
222324
222347
222431
222478
222510
222551
222592
222619
222685
222700
222718
222775
222833
222848
222876
222937
223016
223093
223131
223145
223157
223218
223219
223248
223303
223332
223339
223390
223411
223489
223502
223551
223569
223577
223639
223683
223755
223822
223906
223919
223997
224010
224074
224131
224206
224214
224225
224228
224271
224322
224392
224402
224482
224557
224592
224626
224653
224725
224726
224790
224875
224885
224909
224987
224997
225073
225100
225151
225162
225230
225292
225367
225398
225401
225454
225535
225547
225620
225689
225729
225734
225755
225793
225849
225894
225962
226044
226048
226095
226132
226167
226185
226242
226250
226311
226355
226362
226445
226497
226504
226573
226642
226661
226702
226786
226857
226919
226928
226930
226976
227036
227057
227108
227177
227197
227202
227279
227311
227376
227379
227438
227483
227557
227577
227634
227643
227691
227727
227797
227827
227833
227843
227887
227949
227980
227995
228013
228037
228041
228080
228100
228149
228187
228194
228203
228283
228306
228372
228376
228390
228396
228403
228438
228463
228488
228500
228538
228574
228608
228663
228690
228752
228757
228788
228852
228879
228902
228918
228970
229046
229127
229146
229227
229286
229301
229331
229362
229421
229478
229497
229571
229595
229660
229664
229678
229741
229744
229824
229835
229899
229965
229976
230054
230122
230150
230166
230222
230257
230275
230335
230409
230462
230519
230524
230590
230598
230630
230639
230648
230700
230708
230740
230755
230795
230847
230923
230997
231056
231071
231134
231194
231252
231296
231301
231380
231444
231470
231494
231511
231593
231662
231693
231743
231767
231774
231850
231879
231929
231964
232033
232105
232142
232227
232278
232335
232394
232449
232516
232554
232620
232645
232658
232729
232794
232860
232882
232935
233001
233058
233107
233139
233189
233240
233323
233396
233466
233550
233588
233646
233703
233708
233764
233819
233837
233880
233917
233941
234011
234096
234137
234161
234234
234317
234348
234388
234449
234458
234516
234568
234596
234601
234642
234710
234780
234836
234842
234843
234908
234941
235021
235106
235182
235210
235274
235348
235368
235419
235481
235560
235640
235664
235710
235753
235805
235849
235862
235945
235976
236014
236017
236085
236139
236147
236227
236290
236325
236392
236407
236461
236500
236565
236608
236653
236658
236741
236773
236820
236882
236916
236964
236981
237008
237010
237095
237168
237206
237253
237279
237323
237404
237457
237466
237549
237628
237701
237747
237826
237888
237892
237953
237982
238019
238079
238128
238211
238239
238304
238343
238354
238397
238403
238438
238512
238522
238590
238671
238700
238715
238795
238843
238854
238877
238956
238980
238987
239012
239047
239102
239123
239169
239231
239293
239337
239350
239379
239453
239494
239557
239593
239609
239610
239624
239686
239702
239781
239809
239818
239867
239887
239928
240002
240019
240022
240099
240177
240194
240253
240308
240363
240387
240472
240542
240574
240594
240669
240673
240715
240748
240800
240809
240892
240903
240942
241011
241024
241060
241130
241152
241184
241191
241265
241349
241405
241439
241490
241551
241597
241641
241651
241676
241751
241753
241817
241895
241952
241965
242017
242069
242087
242111
242167
242171
242206
242291
242353
242391
242472
242539
242567
242592
242603
242663
242740
242763
242833
242915
242962
242988
243057
243082
243093
243177
243228
243273
243311
243336
243397
243463
243518
243595
243608
243685
243733
243743
243749
243765
243827
243851
243864
243919
243984
244018
244041
244072
244075
244160
244204
244233
244308
244321
244379
244405
244474
244540
244568
244583
244606
244689
244724
244726
244769
244842
244914
244925
244984
245031
245098
245155
245193
245236
245243
245268
245319
245364
245372
245380
245424
245448
245467
245530
245545
245560
245628
245683
245750
245812
245824
245906
245909
245966
246045
246095
246109
246110
246188
246247
246313
246343
246404
246488
246502
246517
246601
246627
246701
246755
246807
246812
246897
246917
246990
247030
247061
247125
247181
247251
247303
247386
247412
247496
247526
247529
247566
247586
247593
247611
247641
247680
247727
247745
247763
247829
247885
247968
248046
248109
248139
248189
248191
248211
248218
248239
248257
248311
248350
248360
248409
248434
248478
248497
248541
248585
248604
248618
248661
248733
248788
248831
248846
248896
248925
248998
249039
249088
249114
249140
249152
249162
249216
249265
249311
249385
249425
249490
249510
249516
249535
249610
249672
249728
249801
249873
249897
249923
250008
250010
250069
250110
250161
250203
250279
250292
250329
250406
250478
250538
250623
250644
250680
250706
250715
250775
250804
250843
250848
250931
250939
250996
251023
251107
251126
251152
251156
251195
251252
251334
251340
251358
251417
251443
251445
251468
251512
251558
251603
251634
251711
251791
251865
251901
251955
251968
252045
252096
252149
252177
252238
252312
252334
252345
252372
252411
252476
252554
252569
252653
252710
252721
252791
252841
252871
252874
252936
252984
252997
253082
253162
253164
253213
253221
253246
253330
253349
253391
253436
253486
253533
253588
253632
253685
253728
253745
253804
253852
253898
253900
253949
253985
254007
254048
254085
254129
254179
254202
254263
254300
254359
254372
254401
254404
254428
254505
254580
254611
254674
254724
254745
254813
254883
254895
254898
254919
254970
254993
255017
255053
255093
255126
255131
255161
255185
255211
255245
255283
255333
255335
255344
255357
255390
255448
255463
255475
255503
255585
255653
255672
255729
255753
255795
255841
255853
255903
255966
255990
256074
256131
256190
256273
256275
256353
256417
256490
256567
256624
256666
256672
256712
256754
256819
256826
256840
256898
256939
256953
257004
257073
257086
257129
257156
257163
257216
257248
257301
257324
257392
257428
257504
257525
257574
257614
257646
257699
257770
257853
257889
257931
257960
258035
258047
258102
258180
258222
258265
258348
258404
258477
258560
258606
258647
258729
258774
258854
258922
258992
259058
259090
259143
259154
259180
259226
259250
259290
259348
259395
259473
259489
259545
259617
259622
259649
259670
259715
259788
259802
259867
259937
259983
260028
260084
260107
260121
260150
260183
260201
260283
260333
260408
260451
260472
260509
260532
260580
260610
260644
260689
260743
260819
260865
260888
260937
260968
261042
261117
261151
261194
261229
261285
261294
261344
261414
261490
261558
261612
261670
261733
261762
261799
261815
261878
261886
261905
261972
261997
262038
262097
262154
262236
262263
262286
262350
262391
262462
262471
262513
262564
262634
262652
262737
262766
262836
262858
262895
262908
262978
263027
263033
263043
263067
263147
263150
263157
263199
263253
263315
263325
263397
263431
263458
263461
263474
263478
263516
263544
263545
263626
263669
263720
263775
263851
263896
263909
263985
264011
264056
264086
264101
264114
264139
264180
264195
264199
264201
264216
264224
264227
264236
264291
264313
264348
264379
264423
264489
264516
264589
264638
264664
264666
264706
264763
264791
264857
264937
264961
264996
265029
265099
265127
265186
265228
265297
265301
265373
265419
265438
265443
265525
265543
265572
265582
265642
265712
265738
265740
265796
265813
265865
265902
265909
265943
266025
266034
266115
266127
266166
266169
266192
266247
266298
266302
266370
266405
266424
266473
266522
266556
266595
266625
266677
266761
266794
266800
266852
266900
266964
267009
267023
267072
267150
267157
267228
267256
267321
267397
267446
267507
267561
267603
267635
267651
267654
267702
267708
267745
267799
267801
267846
267894
267962
267994
268062
268093
268162
268203
268213
268297
268371
268421
268460
268490
268505
268531
268611
268642
268717
268751
268828
268844
268891
268904
268912
268942
268944
269001
269048
269119
269168
269229
269261
269290
269338
269401
269444
269488
269565
269620
269704
269759
269834
269841
269888
269949
269966
270004
269935
269963
269974
270010
270012
270087
270125
270139
270183
270250
270270
270338
270400
270432
270512
270558
270609
270658
270665
270704
270712
270733
270814
270829
270867
270929
270966
270987
271016
271089
271124
271168
271179
271260
271309
271357
271428
271498
271539
271575
271649
271708
271762
271813
271885
271970
271989
271996
272001
272047
272054
272079
272142
272199
272250
272279
272359
272384
272460
272474
272521
272591
272600
272657
272700
272784
272818
272887
272962
273032
273105
273152
273165
273238
273290
273328
273367
273427
273432
273435
273495
273507
273578
273580
273607
273646
273657
273732
273743
273755
273827
273896
273977
273994
274073
274120
274189
274240
274253
274289
274366
274445
274457
274488
274546
274575
274641
274669
274733
274744
274741
274805
274887
274915
274962
275012
275096
275136
275137
275145
275229
275307
275343
275293
275365
275399
275468
275483
275510
275557
275618
275703
275773
275826
275891
275957
275998
276070
276103
276138
276191
276252
276324
276305
276343
276366
276450
276420
276457
276464
276534
276547
276605
276626
276692
276739
276772
276794
276857
276891
276925
276972
276977
277052
277100
277122
277125
277186
277255
277337
277419
277458
277512
277529
277557
277619
277696
277742
277820
277832
277911
277972
278043
278077
278137
278181
278200
278225
278288
278360
278367
278371
278397
278454
278500
278537
278586
278669
278720
278802
278863
278922
278988
279059
279129
279190
279271
279290
279328
279376
279442
279498
279551
279634
279708
279765
279779
279859
279883
279946
280030
280077
280125
280182
280237
280246
280296
280322
280347
280406
280421
280443
280490
280562
280586
280668
280706
280715
280780
280832
280887
280898
280937
280950
280997
281056
281114
281131
281164
281238
281315
281371
281404
281412
281417
281452
281460
281545
281561
281582
281660
281707
281787
281842
281904
281958
282034
282099
282164
282198
282278
282290
282346
282430
282503
282535
282556
282596
282598
282651
282671
282753
282784
282806
282842
282853
282893
282958
283023
283087
283132
283141
283196
283242
283298
283373
283400
283448
283509
283553
283556
283558
283624
283636
283678
283714
283744
283774
283825
283888
283934
283974
284023
284071
284099
284176
284234
284258
284342
284305
284379
284437
284471
284507
284574
284631
284661
284686
284738
284817
284849
284850
284916
284922
284966
284973
284996
285077
285099
285125
285150
285203
285246
285325
285387
285395
285447
285527
285584
285650
285651
285730
285794
285725
285802
285865
285900
285909
285931
285955
286004
286050
286108
286142
286148
286196
286240
286320
286352
286423
286432
286457
286515
286546
286553
286554
286639
286714
286746
286809
286852
286865
286942
286960
287034
287081
287091
287133
287143
287170
287232
287281
287347
287406
287470
287476
287503
287530
287559
287585
287617
287665
287727
287789
287862
287943
287989
288050
288100
288156
288184
288255
288278
288338
288381
288466
288506
288527
288599
288612
288674
288758
288790
288851
288886
288956
289018
289096
289143
289208
289247
289293
289350
289435
289494
289573
289627
289702
289787
289807
289842
289850
289862
289895
289931
290012
290062
290077
290152
290167
290222
290272
290310
290390
290426
290474
290550
290514
290556
290588
290589
290632
290704
290747
290756
290771
290776
290801
290867
290951
290976
290996
291001
291050
291114
291184
291209
291246
291305
291390
291444
291498
291537
291568
291572
291630
291666
291682
291705
291789
291790
291859
291906
291920
292002
292017
292094
292158
292178
292192
292194
292199
292222
292244
292274
292329
292386
292460
292493
292564
292644
292685
292755
292802
292820
292844
292868
292876
292918
292984
293000
293025
293044
293057
293098
293156
293157
293211
293288
293296
293313
293317
293400
293419
293446
293511
293547
293576
293584
293629
293667
293716
293768
293834
293871
293912
293978
294060
294119
294169
294172
294226
294283
294288
294355
294405
294476
294523
294534
294588
294623
294671
294729
294783
294855
294919
294982
295015
295016
295028
295078
295115
295183
295220
295225
295261
295346
295374
295446
295504
295586
295652
295692
295749
295770
295833
295860
295922
295971
295982
295999
296068
296147
296219
296228
296253
296302
296311
296345
296374
296445
296508
296547
296600
296641
296659
296670
296674
296754
296759
296760
296776
296811
296836
296911
296960
297018
297072
297093
297160
297177
297226
297288
297318
297383
297406
297436
297514
297530
297613
297644
297723
297805
297868
297948
298002
298063
298124
298172
298187
298268
298319
298362
298378
298426
298437
298493
298528
298610
298693
298720
298721
298760
298827
298860
298906
298936
299017
299064
299130
299181
299201
299223
299236
299316
299332
299349
299379
299400
299429
299509
299548
299564
299586
299667
299751
299766
299800
299824
299857
299905
299937
299985
300038
300101
300154
300228
300275
300358
300411
300424
300449
300511
300591
300607
300690
300725
300739
300740
300794
300870
300911
300982
301004
301027
301084
301115
301199
301204
301232
301315
301368
301444
301529
301567
301601
301651
301732
301738
301813
301869
301914
301920
301991
301998
302037
302055
302063
302087
302101
302104
302133
302172
302195
302256
302281
302284
302322
302380
302408
302473
302522
302563
302626
302628
302710
302764
302780
302832
302914
302997
303038
303082
303138
303214
303290
303298
303324
303355
303393
303415
303440
303511
303530
303531
303590
303593
303624
303653
303678
303716
303771
303814
303835
303909
303958
303925
303951
304001
304052
304064
304073
304075
304098
304118
304177
304222
304299
304331
304335
304398
304403
304414
304453
304532
304608
304632
304692
304723
304763
304773
304857
304932
305002
305081
305123
305142
305205
305275
305325
305364
305373
305413
305417
305501
305509
305528
305576
305627
305642
305658
305699
305782
305798
305827
305905
305964
306004
306043
306058
306142
306218
306264
306326
306328
306376
306439
306449
306483
306493
306564
306606
306625
306643
306656
306659
306730
306795
306815
306855
306867
306900
306964
306972
307042
307081
307124
307183
307190
307252
307275
307345
307428
307483
307488
307539
307558
307568
307587
307628
307682
307726
307791
307847
307863
307915
307998
308049
308125
308164
308186
308270
308284
308289
308335
308362
308383
308437
308480
308494
308569
308609
308618
308622
308653
308679
308685
308730
308763
308798
308837
308907
308991
309027
309105
309149
309199
309271
309294
309306
309353
309388
309397
309452
309519
309566
309563
309568
309605
309680
309696
309781
309840
309904
309905
309937
309997
310035
310105
310121
310172
310223
310305
310375
310430
310436
310448
310469
310527
310542
310618
310638
310704
310729
310788
310860
310935
310990
310994
311062
311087
311090
311135
311214
311231
311288
311330
311383
311398
311428
311512
311591
311633
311714
311784
311821
311828
311898
311961
311975
311992
312036
312044
312124
312194
312246
312255
312269
312303
312381
312413
312453
312511
312578
312587
312637
312702
312770
312785
312812
312832
312860
312892
312928
312961
312969
313036
313045
313061
313085
313093
313133
313181
313221
313305
313323
313407
313431
313447
313486
313560
313602
313660
313687
313738
313780
313793
313865
313877
313946
313993
314030
314095
314140
314223
314261
314342
314384
314419
314444
314464
314466
314488
314544
314584
314650
314693
314765
314772
314837
314906
314919
314927
314929
314955
314978
314991
315034
315038
315096
315161
315178
315224
315281
315329
315367
315398
315440
315512
315569
315496
315547
315565
315646
315661
315742
315779
315836
315845
315914
315933
315995
316033
316098
316106
316155
316161
316205
316214
316241
316312
316330
316393
316457
316484
316497
316569
316601
316642
316724
316783
316851
316908
316985
317002
317029
317066
317097
317115
317184
317255
317286
317366
317370
317371
317451
317486
317571
317632
317661
317735
317801
317815
317896
317965
317981
317992
318009
318092
318119
318196
318212
318256
318273
318338
318423
318504
318553
318629
318673
318717
318721
318756
318771
318824
318882
318963
319016
319079
319149
319189
319241
319320
319354
319378
319411
319470
319497
319524
319587
319654
319662
319732
319806
319841
319896
319925
319964
320010
320081
320105
320137
320187
320237
320271
320329
320372
320416
320446
320457
320490
320530
320534
320557
320623
320652
320688
320738
320799
320863
320867
320910
320919
320940
321011
321087
321106
321133
321161
321223
321255
321295
321303
321360
321376
321386
321454
321475
321515
321549
321550
321569
321630
321705
321753
321831
321893
321960
322043
322070
322089
322130
322199
322207
322242
322297
322309
322329
322367
322407
322428
322493
322540
322589
322668
322707
322724
322728
322790
322804
322835
322893
322934
322974
322995
323059
323092
323161
323181
323210
323276
323361
323379
323425
323445
323488
323529
323552
323633
323650
323661
323740
323749
323758
323835
323865
323946
323987
324043
324050
324071
324151
324154
324163
324200
324244
324328
324366
324442
324493
324507
324578
324612
324616
324656
324666
324747
324811
324829
324861
324888
324915
324925
324967
325047
325066
325110
325117
325120
325165
325239
325264
325272
325353
325434
325513
325578
325613
325694
325751
325785
325865
325913
325953
325991
326024
326077
326127
326189
326266
326325
326402
326437
326501
326566
326583
326586
326637
326690
326775
326857
326914
326917
326945
326955
327028
327111
327124
327153
327231
327256
327295
327347
327419
327447
327518
327527
327610
327664
327728
327798
327836
327894
327974
328026
328101
328104
328187
328257
328319
328307
328333
328351
328382
328463
328483
328547
328615
328643
328674
328744
328775
328819
328836
328903
328969
329051
329123
329162
329203
329214
329291
329358
329365
329405
329434
329501
329531
329553
329602
329687
329694
329720
329725
329792
329870
329947
330006
330063
330083
330045
330106
330128
330181
330237
330257
330277
330308
330324
330401
330456
330501
330586
330668
330717
330743
330756
330815
330887
330969
331014
331026
331059
331117
331120
331172
331183
331187
331191
331247
331326
331389
331424
331430
331465
331521
331601
331612
331623
331642
331708
331714
331729
331787
331858
331941
332001
332052
332128
332147
332204
332213
332274
332304
332353
332404
332452
332464
332481
332530
332543
332622
332695
332740
332801
332855
332910
332974
332981
332984
333025
333069
333132
333136
333206
333283
333288
333355
333370
333375
333443
333479
333562
333567
333598
333631
333711
333775
333857
333917
333920
333952
333990
334070
334101
334155
334239
334290
334365
334424
334446
334483
334535
334602
334647
334659
334723
334807
334813
334847
334916
334937
334981
335029
335040
335125
335163
335186
335254
335272
335298
335365
335396
335458
335524
335607
335641
335696
335753
335835
335909
335914
335947
335985
336006
336062
336087
336090
336142
336193
336270
336321
336347
336391
336428
336449
336508
336578
336658
336727
336756
336763
336769
336796
336846
336907
336963
337014
337072
337127
337140
337222
337257
337230
337265
337276
337308
337360
337362
337425
337437
337455
337535
337543
337549
337554
337604
337676
337678
337758
337817
337898
337968
337980
338052
338103
338149
338234
338312
338397
338444
338505
338526
338606
338632
338659
338711
338746
338815
338860
338867
338948
338961
338986
339040
339115
339169
339189
339201
339286
339298
339346
339416
339471
339524
339532
339562
339623
339655
339658
339705
339709
339735
339784
339800
339871
339877
339935
339954
340028
340075
340137
340193
340243
340262
340293
340308
340335
340353
340401
340453
340463
340545
340606
340649
340718
340792
340839
340894
340926
341005
341086
341137
341184
341203
341234
341292
341309
341379
341384
341405
341409
341470
341490
341527
341588
341622
341638
341653
341699
341770
341835
341906
341950
342010
342069
342092
342110
342183
342192
342233
342286
342340
342410
342444
342511
342591
342609
342634
342692
342705
342714
342716
342790
342844
342862
342912
342927
342951
342981
343021
343093
343169
343248
343307
343336
343350
343397
343401
343410
343483
343488
343561
343581
343626
343661
343708
343737
343806
343819
343829
343878
343911
343946
343978
344041
344125
344142
344220
344304
344329
344365
344376
344398
344458
344498
344581
344656
344682
344702
344713
344756
344815
344845
344913
344951
344983
345038
345109
345120
345124
345186
345243
345262
345345
345383
345461
345506
345523
345568
345649
345668
345734
345797
345852
345887
345970
346047
346101
346136
346155
346185
346246
346300
346379
346431
346463
346483
346543
346622
346670
346722
346734
346765
346843
346867
346923
347008
347029
347110
347148
347231
347305
347345
347394
347444
347496
347503
347543
347553
347605
347666
347722
347788
347802
347859
347922
348006
348059
348128
348147
348177
348197
348241
348281
348325
348357
348424
348453
348523
348521
348532
348615
348666
348736
348813
348889
348949
349025
349043
349116
349137
349220
349266
349279
349357
349424
349509
349588
349649
349686
349711
349739
349777
349809
349865
349885
349919
350001
350058
350118
350186
350224
350260
350334
350386
350426
350430
350446
350501
350519
350602
350653
350725
350786
350801
350886
350939
350949
350962
351003
351020
351065
351069
351131
351204
351252
351326
351400
351404
351430
351486
351553
351625
351629
351667
351733
351777
351793
351846
351883
351897
351926
351996
352077
352094
352179
352190
352226
352292
352319
352334
352376
352383
352401
352424
352454
352496
352580
352624
352700
352760
352826
352849
352934
352978
353030
352984
352986
353048
353133
353161
353187
353223
353237
353269
353321
353395
353455
353520
353563
353576
353643
353647
353699
353701
353782
353798
353800
353829
353837
353866
353916
353918
353970
354044
354102
354117
354126
354149
354227
354229
354252
354315
354379
354400
354437
354446
354482
354537
354616
354692
354706
354791
354871
354939
354984
355040
355043
355083
355153
355174
355229
355278
355290
355348
355410
355420
355485
355546
355598
355611
355663
355746
355811
355874
355959
356027
356070
356079
356106
356162
356169
356175
356247
356266
356332
356407
356419
356448
356510
356542
356580
356617
356701
356738
356785
356857
356936
356996
357064
357091
357111
357112
357151
357205
357207
357265
357296
357371
357437
357442
357516
357544
357618
357687
357752
357671
357715
357745
357824
357884
357917
357967
357990
358055
358125
358171
358249
358275
358338
358381
358449
358530
358581
358622
358663
358737
358750
358831
358851
358923
358968
359045
359067
359094
359109
359165
359177
359237
359313
359359
359386
359432
359440
359519
359585
359608
359654
359688
359761
359781
359854
359905
359922
359965
359971
360056
360095
360162
360238
360280
360291
360351
360375
360423
360504
360569
360580
360600
360636
360690
360770
360799
360840
360918
360955
361012
361053
361104
361179
361198
361263
361308
361392
361405
361488
361508
361534
361562
361566
361593
361658
361664
361684
361765
361844
361929
361943
361953
361998
362051
362100
362109
362172
362251
362311
362316
362324
362372
362402
362451
362468
362493
362538
362585
362587
362643
362683
362711
362723
362787
362846
362916
362993
363006
363029
363041
363087
363106
363181
363209
363220
363267
363269
363335
363365
363383
363411
363456
363494
363568
363573
363606
363621
363639
363686
363723
363745
363777
363781
363835
363840
363868
363869
363941
363978
364059
364114
364154
364201
364273
364313
364394
364456
364486
364503
364563
364638
364720
364769
364848
364870
364949
365001
365006
365067
365079
365098
365174
365200
365208
365289
365352
365375
365391
365467
365482
365532
365541
365571
365633
365669
365687
365714
365776
365812
365868
365925
366006
366042
366074
366155
366176
366249
366256
366287
366319
366393
366458
366489
366507
366584
366633
366708
366772
366832
366841
366762
366821
366873
366936
366996
367020
367085
367142
367221
367271
367309
367360
367393
367449
367474
367548
367570
367637
367715
367723
367749
367806
367821
367867
367909
367965
368001
368014
368055
368107
368116
368143
368214
368279
368281
368327
368356
368395
368462
368506
368559
368606
368685
368735
368747
368749
368801
368883
368939
368980
369063
369079
369145
369177
369236
369307
369320
369342
369387
369440
369448
369452
369459
369499
369510
369576
369616
369651
369719
369740
369803
369874
369910
369975
370028
370031
370097
370104
370148
370176
370233
370308
370389
370424
370449
370480
370507
370523
370558
370600
370660
370724
370759
370698
370732
370794
370834
370835
370887
370925
370991
371047
371090
371171
371243
371287
371332
371375
371460
371488
371513
371581
371592
371540
371593
371615
371646
371693
371763
371828
371909
371959
372040
372079
372082
372092
372166
372177
372196
372197
372233
372287
372329
372407
372426
372464
372546
372602
372645
372729
372798
372880
372926
372979
372983
372989
373018
373039
373100
373160
373240
373241
373292
373356
373434
373472
373524
373554
373617
373657
373713
373798
373842
373861
373892
373957
374003
374076
374127
374181
374207
374226
374306
374377
374421
374442
374485
374520
374533
374578
374629
374686
374750
374759
374802
374803
374835
374881
374951
374975
375010
375021
375041
375091
375147
375199
375220
375301
375302
375348
375380
375425
375485
375521
375579
375639
375700
375738
375747
375754
375785
375812
375814
375881
375937
375974
376045
376075
376102
376178
376237
376241
376320
376389
376458
376471
376538
376620
376674
376699
376763
376766
376787
376796
376839
376897
376952
376986
377041
377052
377079
377139
377222
377288
377368
377432
377505
377520
377585
377645
377710
377724
377758
377772
377809
377818
377868
377871
377903
377925
377939
377981
377996
378000
378006
378012
378054
378076
378084
378094
378175
378218
378298
378301
378317
378359
378435
378452
378460
378525
378571
378627
378648
378673
378713
378780
378818
378857
378885
378896
378967
378993
379026
379040
379070
379100
379133
379176
379193
379271
379343
379380
379400
379408
379474
379497
379513
379596
379610
379628
379707
379760
379793
379852
379863
379870
379931
379954
380009
380034
380085
380089
380158
380227
380235
380265
380343
380418
380427
380468
380530
380575
380576
380630
380682
380734
380769
380780
380859
380914
380947
380950
380985
381049
381052
381066
381092
381132
381142
381157
381230
381268
381333
381369
381452
381474
381545
381581
381604
381626
381671
381745
381788
381837
381859
381914
381947
382009
382084
382131
382143
382193
382217
382301
382330
382365
382433
382500
382581
382617
382675
382719
382733
382809
382882
382953
383003
383046
383092
383112
383191
383236
383265
383348
383361
383372
383399
383420
383432
383494
383533
383562
383630
383641
383670
383671
383736
383762
383792
383831
383868
383890
383919
383924
383970
384004
384056
384139
384150
384220
384273
384276
384328
384334
384364
384417
384433
384436
384471
384479
384496
384567
384621
384636
384675
384757
384822
384888
384958
385038
385056
385126
385211
385238
385317
385333
385410
385444
385485
385549
385633
385703
385758
385800
385834
385866
385884
385906
385956
386032
386098
386181
386264
386299
386344
386385
386466
386496
386581
386598
386681
386688
386745
386819
386883
386899
386969
387016
387082
387116
387147
387198
387214
387256
387336
387387
387404
387470
387526
387581
387650
387660
387743
387789
387853
387930
387981
388028
388106
388154
388155
388183
388223
388276
388347
388404
388459
388522
388523
388535
388555
388617
388690
388735
388806
388854
388922
389006
389040
389102
389110
389191
389198
389208
389252
389286
389341
389365
389417
389459
389487
389535
389606
389666
389714
389735
389801
389856
389888
389896
389904
389936
389938
389948
389965
390031
390055
390107
390138
390159
390177
390207
390292
390316
390394
390425
390479
390495
390517
390579
390627
390634
390705
390745
390808
390880
390909
390927
390960
391044
