10000
1000
100
100
100
2724
9536
2544
700
8530
890
500
100
8890
500
8463
3930
5607
100
6243
1000
500
300
700
7969
3960
20
500
3766
50
20
100
7978
1000
20
4587
500
900
1000
100
9314
7511
100
100
4571
500
1000
9990
50
50
4470
20
50
50
700
50
5170
6520
500
100
1502
100
50
100
6660
20
6130
20
6880
700
500
9760
1000
20
1460
1000
20
1000
50
50
2900
5275
20
6280
20
2160
7520
1000
50
100
100
20
8991
50
20
100
5170
3720
2110
100
5554
4970
1000
1000
100
2530
100
2152
9701
5749
500
4026
1000
9810
500
100
100
400
500
100
500
800
2590
270
400
20
3420
500
20
1512
1412
1583
550
20
20
50
100
3308
1567
9350
9542
8020
1000
100
7770
710
20
5040
408
50
500
800
100
20
500
5850
700
8908
2240
50
1790
20
7865
900
2080
50
1228
3187
7291
9650
1000
5395
5778
1000
1000
290
100
2160
4748
100
50
4520
8440
100
100
7970
50
20
4972
20
7880
1709
3464
50
9976
100
700
100
300
2420
8630
500
7250
50
4900
20
20
8499
1000
20
2065
3802
50
500
780
500
100
4172
6758
150
50
1000
7030
3810
2470
4450
9490
20
900
50
500
6507
50
8700
700
500
20
200
240
100
9220
50
5233
7548
50
510
100
400
50
3462
50
100
500
500
400
20
6847
500
400
5715
7190
50
500
7480
4540
20
9930
1346
1480
4682
1000
500
20
5140
5100
500
500
500
500
9780
50
8320
20
1805
100
1721
1000
1210
100
20
220
50
500
20
9050
100
1000
5420
600
5825
7610
1981
908
600
4510
7240
1000
460
200
2250
500
50
1320
3920
900
208
2330
7577
2053
7920
20
50
50
2229
1000
500
1000
100
500
7176
50
100
100
3010
20
7790
100
400
1000
7910
9037
7868
1330
50
600
7670
4960
50
2860
1770
8758
9400
500
50
5660
7450
100
100
50
600
300
5150
500
500
7430
3470
1926
50
956
1000
100
100
3710
3190
400
100
3569
1000
500
100
500
4920
4830
9000
9277
3193
819
30
100
8510
3010
900
940
20
100
1000
9764
100
20
1270
20
2570
100
1000
7870
100
929
6214
50
900
2780
4550
50
20
900
800
20
20
4480
3930
357
1000
1000
50
1500
1000
6102
2820
500
500
9224
20
4210
50
500
100
1000
50
9010
500
2800
1920
20
50
20
300
300
100
500
50
3050
8470
100
6160
5777
1000
5070
20
8139
1000
350
1000
5660
400
3820
400
500
5362
500
1420
9140
2122
20
600
20
6657
5980
8716
1531
9455
500
20
100
3
20
3920
20
800
6950
1240
7150
7570
250
1000
200
6244
50
860
20
1000
3025
8930
9570
100
20
8030
900
1000
1670
600
100
5775
50
100
9990
300
20
9880
50
500
100
20
2958
8190
1900
20
900
20
50
500
20
1000
100
1000
100
500
50
200
100
1214
1000
1000
20
3610
500
4340
500
300
6140
500
500
6340
8768
4385
7530
6130
200
3470
50
634
600
20
20
3490
719
100
5830
9864
8235
5188
20
100
500
100
4890
2210
500
800
50
100
1420
7280
350
6840
6880
20
20
100
50
50
5870
50
8380
7980
5790
1000
20
100
5030
900
20
4230
8190
100
700
9183
1000
100
20
3067
9791
1000
50
2970
20
50
2384
8700
8410
1000
500
3280
1000
3080
9620
4889
100
900
50
6568
900
2200
7710
50
100
200
1000
9760
50
50
20
100
6070
6676
500
6634
3440
7400
2560
2840
20
1000
720
3600
100
300
8972
6650
20
100
300
1000
3657
500
7835
1000
20
50
100
20
9650
7400
400
1000
600
20
500
50
12
1000
50
230
100
2880
4040
50
20
50
100
1130
3150
50
100
500
760
1750
500
9500
500
1240
1000
7870
5300
20
711
3209
50
50
100
900
200
600
5070
6610
811
500
200
50
3472
493
500
8690
3450
1000
500
3417
688
7260
640
50
100
20
100
7920
50
5640
9480
6500
300
100
1360
700
500
5189
2240
500
20
3660
100
6360
500
7364
100
1000
100
9370
50
50
8590
2760
1000
2693
1000
300
20
9772
50
2260
1000
4917
20
500
900
1760
20
50
6894
50
1000
100
1890
1000
1000
900
50
900
5999
3370
20
8380
870
7431
50
4715
1960
7330
20
100
4547
1000
9570
500
720
50
300
1000
285
7190
100
9734
50
50
50
20
500
50
8452
8307
500
3170
20
20
50
7240
200
100
600
500
50
100
500
20
5450
1000
2830
2619
100
390
200
800
260
100
1000
4910
20
9910
1000
3300
7808
100
800
100
8922
20
2130
100
50
8568
696
2560
50
410
20
9532
4830
500
6300
8063
840
50
1000
7619
50
4290
8347
7000
20
20
1000
9948
100
7508
1580
200
3856
300
6320
7570
8800
2557
700
100
20
2530
100
9177
2890
3640
20
3920
3470
3000
1000
20
700
20
20
2960
6989
900
9540
9030
8210
50
9590
500
800
500
7470
9070
300
6730
2010
20
1000
1000
6003
5640
7918
100
20
500
20
7340
20
8310
20
9180
500
5684
4210
6264
100
300
1000
3980
3780
100
500
1000
1470
500
3951
100
200
20
20
50
1000
5120
500
500
100
1000
50
6829
7202
7030
800
400
20
50
7270
460
990
360
500
50
5655
800
500
20
1000
1000
7680
6450
800
1887
6152
4808
3043
100
50
100
1000
900
500
1000
6315
20
4760
100
50
20
500
1000
5046
500
400
500
50
1000
9610
100
5950
100
20
50
7040
300
6878
6730
7777
20
500
100
50
600
500
400
1000
500
5311
500
100
50
5354
50
20
3686
100
500
290
1000
1000
6597
20
500
700
8640
20
20
100
3200
50
380
540
50
8600
1535
3397
1000
5671
50
600
100
1338
50
4640
100
7583
2660
4280
4140
8170
2356
100
500
9440
100
1400
4650
7485
6490
1000
6937
50
50
50
9730
20
20
6500
3250
500
1000
1306
1000
800
800
100
500
2490
8890
300
600
100
7030
100
154
7502
20
100
500
1840
9670
500
50
50
100
7730
50
9420
50
1990
50
100
1000
400
5180
4684
6130
50
9700
9357
400
6850
5910
1000
5410
800
100
100
50
9149
4090
100
100
500
500
3794
500
20
500
50
1000
6834
1000
8701
500
500
1000
100
1000
4820
500
20
100
200
100
2590
1000
7550
20
800
20
530
9280
50
100
700
4926
2170
20
9459
500
700
4460
2686
20
50
2800
50
9391
210
20
2789
50
500
9954
4940
4120
50
5629
1000
1000
100
300
50
400
50
20
7180
50
8810
9150
1160
1000
200
7820
100
20
50
433
9582
8860
1000
7850
50
500
20
8957
1170
8802
1000
5410
500
1000
4750
100
1000
2829
50
1000
7651
2420
5490
1465
1360
100
400
100
8900
50
1000
1000
500
7112
3761
2310
2530
500
1108
1000
5407
50
50
1000
2434
500
5380
800
30
6060
500
9660
1000
100
20
500
5290
20
20
1370
50
50
3900
500
6320
6210
1000
1000
530
8250
900
3550
50
100
2018
20
50
300
9573
1000
100
20
1650
200
20
9595
100
50
3890
500
9950
100
200
5889
20
8998
9470
8310
50
9720
4300
7890
50
700
840
100
500
700
100
500
690
5270
20
500
9260
500
300
50
20
410
1000
500
7862
7660
400
50
100
100
6370
6790
4147
8829
500
1298
500
50
3350
6252
50
4430
1000
500
4380
2604
500
500
1628
6957
50
500
1090
50
4167
50
3210
8560
50
50
500
9970
20
8800
5441
2585
1170
8680
400
1000
5380
20
7460
1000
5030
100
2746
7890
6880
1000
20
1116
1000
1000
20
900
100
3950
3210
500
500
7808
3660
100
3065
800
50
100
5810
7220
50
500
900
700
500
50
8900
20
100
100
200
50
9960
4041
3820
50
50
7060
2840
400
8640
2360
3690
50
2510
2870
3940
1000
709
500
7808
9670
50
20
9450
4850
5422
200
500
640
500
3617
500
6780
100
5138
840
3048
100
8230
6087
1000
50
300
7320
500
50
100
20
360
50
20
1651
300
1750
2292
1000
2424
1000
2080
1000
20
20
7913
158
1960
3493
4820
100
8180
6700
50
1000
1000
4851
20
900
4394
20
6712
1000
50
5040
3198
2545
8567
130
7655
100
7790
1330
9490
1000
20
8948
50
1000
500
9160
50
20
500
600
50
100
20
900
50
20
100
6400
20
20
969
100
500
600
6460
2920
4350
100
100
1596
100
3700
100
20
300
1000
800
1000
1910
5220
3283
7987
1960
3200
6425
50
1100
50
3470
360
4340
500
500
100
800
1000
500
1000
5230
4722
600
6150
20
6205
700
428
50
7730
500
900
8500
1000
1000
500
500
2614
8578
100
500
840
500
50
500
500
800
7620
500
1000
1000
50
865
20
4137
1000
500
600
4669
430
50
6668
8768
417
5842
50
100
800
100
1000
50
400
7110
7590
50
5530
9570
8480
500
1000
1070
7290
800
8841
500
20
6350
5610
500
100
500
50
1440
1620
2300
1480
8236
4273
100
50
20
4277
1000
360
9480
1250
5300
50
1151
200
4434
500
9786
20
1000
50
711
50
20
700
5480
9069
3620
500
100
900
50
873
1000
9230
903
3895
7864
500
1000
100
6350
100
1000
100
9600
3160
7988
1000
7153
8480
1701
20
100
30
5240
50
7610
500
7530
20
3760
50
20
3561
8017
50
300
100
50
6500
20
50
9580
5025
2510
5010
500
100
500
500
100
20
6750
1150
9790
8450
100
50
7260
1000
100
5947
50
1990
500
1010
700
100
8920
50
5628
1706
20
1440
50
8910
4091
100
5560
5270
1980
1000
50
3810
800
20
50
1340
1349
830
1000
9600
1000
500
8666
4375
20
100
20
1760
8524
9230
50
500
5850
700
20
6250
50
9540
8427
1800
500
6160
300
100
2943
7570
500
2883
7050
500
800
50
900
7090
500
7940
3550
2000
50
7730
730
1000
1000
1858
8540
500
2990
50
539
800
5810
500
9690
100
4600
50
20
1000
20
100
5140
1900
5410
3210
970
20
2760
20
3500
50
2316
5600
1000
100
800
20
4720
20
100
5720
1930
500
100
100
100
500
1000
820
400
500
500
820
1000
20
50
100
50
500
9730
8630
2440
9920
50
50
1000
1000
8450
1000
4795
3530
1000
1950
50
7635
50
4260
1683
2850
7114
500
1300
500
2553
1554
100
20
900
20
1000
500
930
6991
4050
4939
100
3777
20
200
500
2149
7750
6720
7930
50
500
7230
400
500
500
100
2770
4110
1000
9652
100
3167
800
8532
4130
7290
9684
20
20
800
2857
4232
500
500
500
100
1000
20
3966
250
5350
1000
1000
800
1000
20
50
500
9290
500
6204
1000
1000
9790
1021
1000
100
50
6090
3761
4450
50
710
200
100
100
2597
700
1000
2426
1000
600
500
4178
50
900
50
100
1000
50
1000
20
50
9970
20
20
50
5220
3120
947
7020
4910
20
20
3916
100
1300
8140
8910
4139
500
4389
900
1000
20
1000
3100
1000
1720
2406
50
50
500
8490
800
730
20
500
9927
20
50
2780
2209
500
20
500
4600
5120
1490
2951
3320
500
1000
500
5747
50
100
20
740
9225
5989
630
2870
2540
50
3630
2590
3610
20
500
400
3690
100
1807
100
20
8620
230
500
736
500
2000
1000
20
20
400
7510
1160
500
210
1000
4054
6700
100
100
5470
50
3260
50
900
1830
3400
500
1030
6700
1940
6760
5180
800
50
9970
20
8861
50
800
2660
420
5295
3240
6880
5788
2705
50
7491
1000
1000
500
20
700
500
5740
500
3870
7073
7605
500
1000
4150
6930
1000
7490
40
100
50
4410
20
9800
900
4440
50
5152
20
8080
1000
800
50
1314
500
20
670
3717
8700
100
8190
50
1256
1000
4611
468
1967
1000
400
300
20
500
100
20
50
5734
8310
20
1200
500
100
4540
4619
300
500
100
1000
6100
500
500
164
890
3460
20
20
100
6935
7170
500
9440
500
9440
800
4630
4700
50
8930
1000
130
20
100
50
100
500
1190
5590
20
400
20
500
390
1000
9940
1000
8029
5200
1530
1165
9928
4870
9000
500
600
50
3649
20
900
20
20
2960
100
20
1410
50
5170
900
200
6494
500
7330
7549
1051
3330
500
1000
50
20
100
1980
20
600
900
100
100
20
4760
6240
6330
300
50
9770
740
9430
4607
4900
500
100
9580
800
50
1000
100
50
20
1000
20
20
3186
3480
20
100
3180
6530
4903
1000
2900
1310
7140
5464
1000
50
500
1000
200
4670
400
3379
2169
100
1902
500
4977
50
100
500
500
3730
900
100
50
2210
500
50
500
1000
50
3804
20
2276
20
1000
700
7470
1000
6983
20
1000
2980
300
500
500
60
4954
500
50
1000
20
100
9230
500
820
9280
6650
50
50
3950
8918
20
9700
50
20
5740
1000
20
4319
20
4620
500
1046
400
50
1000
500
50
60
5600
20
6301
100
500
1000
6010
500
2821
2540
8323
500
8620
5592
300
1000
2850
7670
2800
100
280
6180
100
50
9580
500
50
50
3712
7283
1000
100
100
4070
7911
500
123
9910
2870
100
2490
6610
5961
5690
6460
1000
1000
8800
50
7061
7333
100
1000
100
900
1000
8720
7577
5519
20
6617
100
6223
50
100
500
20
230
20
50
100
6050
5950
20
700
50
600
128
100
50
2829
5350
9398
50
500
8150
2030
300
9725
100
1000
2420
1000
500
9870
1000
3800
20
100
500
7436
100
2024
50
7527
500
20
8580
4950
500
500
7350
50
20
300
1930
4850
500
9750
50
9188
3960
50
500
8540
500
3630
2542
1970
1000
20
500
7216
6230
100
100
4220
20
9880
5887
8466
500
100
50
500
1000
50
658
2000
7870
500
8120
2810
800
1510
100
500
9112
3620
500
141
20
6804
100
500
4920
4600
20
50
20
400
50
1000
3430
700
1950
5782
50
1570
4900
7658
6411
400
50
6090
1937
8642
300
3440
100
500
500
500
9237
20
9626
20
50
3990
8964
980
5354
100
9880
100
640
6510
8590
100
1000
500
20
100
100
3143
3009
1000
200
4550
500
50
100
500
50
9550
7550
970
50
3610
100
20
1000
1000
37
8180
100
9585
100
6720
100
1000
2750
4097
6860
700
100
5840
20
300
1000
1000
50
4250
500
3720
5701
3710
100
50
1000
3879
500
8056
3660
500
700
800
2400
6220
200
5140
1000
500
1000
100
400
700
20
2540
8010
500
9857
400
700
3979
5720
1610
63
20
1220
50
5084
1000
100
100
2776
9130
20
120
20
8600
100
20
8010
500
3080
1829
5910
7010
50
1882
6860
700
600
9970
6810
8560
4139
20
500
500
20
50
500
5715
50
4889
1650
1180
1860
500
2750
500
50
50
1957
2370
500
7500
6060
1000
4780
9650
400
8868
500
50
4090
1000
1000
500
20
1308
8869
8760
7448
20
20
8740
20
700
4710
5660
6130
3890
50
6970
20
100
8380
20
180
50
500
20
400
5430
8530
1720
4480
1000
700
8690
3930
1000
900
8700
500
800
500
1060
50
500
340
6949
4190
2972
500
9380
500
100
7722
3920
6819
5309
5090
5030
9101
7730
7780
50
50
1000
7878
200
3590
2150
500
8250
20
800
5020
2193
4170
800
7030
500
6889
20
500
8270
7230
1000
20
50
600
1000
100
7750
5390
3970
6712
7220
50
6889
500
200
3160
1470
9768
7550
9530
7291
20
50
100
7040
1000
700
100
400
50
3500
1030
100
4890
900
20
8020
3660
1000
650
900
1000
350
20
100
1550
545
20
50
5680
6536
5280
6598
7040
3040
720
5790
20
500
6282
400
7500
4840
8870
500
2730
800
20
50
900
5870
173
50
100
50
20
6424
2410
1000
1300
6020
9912
6320
500
500
800
2850
20
1940
20
5566
500
50
1050
500
3715
1981
7660
3400
9884
320
20
5500
20
100
1360
6170
600
100
6861
1000
100
800
500
1000
500
500
1000
500
700
500
4460
600
100
1000
900
1260
200
100
20
1000
20
8130
100
6690
500
1478
1000
6309
7310
5520
5262
50
50
20
4264
7421
2507
500
100
100
4394
4234
6950
680
500
600
100
50
20
500
50
100
600
500
500
540
5557
6530
500
4331
8550
8410
4920
500
100
4700
1440
5914
500
20
900
50
3709
100
8362
7838
3600
7800
2190
2666
9890
900
7790
1000
6580
730
50
2316
2830
7060
20
1000
300
500
100
50
7830
9020
500
7330
8710
5210
8220
6350
2244
684
4101
1210
5954
100
5241
5390
100
1000
6379
8659
20
6640
700
100
700
1000
500
600
8762
2050
1000
2520
4580
5430
1162
100
4426
1000
50
8204
20
4200
1860
100
5790
5840
8220
300
50
3028
5216
1000
100
1000
7990
1000
1070
50
100
5600
2484
50
2240
500
300
910
20
100
34
100
7750
7870
7540
930
20
8080
1000
50
7850
4260
100
292
500
4510
1000
50
7320
1580
300
100
100
5270
500
8540
8230
9473
2018
9830
50
1000
2782
8020
921
2880
9640
20
7475
100
500
200
4680
100
7899
9320
100
100
1590
500
8390
820
800
100
50
20
400
8172
93
500
3970
500
200
6420
20
792
5550
500
986
8220
50
400
100
9580
2320
20
8382
3340
1000
660
3263
500
500
100
500
500
50
7520
20
100
100
1000
500
50
100
500
6000
500
6190
800
500
730
100
50
7590
180
500
800
900
20
100
9350
822
20
1000
500
500
8600
50
8530
5080
500
100
1000
100
3900
9670
4560
3450
9320
9220
2256
50
999
50
1000
8533
5740
900
1000
5520
500
1000
50
1000
20
4686
20
3780
7947
100
20
700
50
723
50
9580
50
5110
4909
20
20
50
500
4640
5560
600
100
1000
9231
700
100
7410
1589
800
50
100
50
902
100
1440
60
6321
100
20
1311
553
1640
900
9787
50
1000
530
50
900
50
100
6786
1440
800
500
50
300
7210
100
3412
8850
983
1463
9668
1000
500
20
5675
50
2092
9029
100
300
500
4701
500
300
500
7610
50
500
8753
50
9570
900
100
2263
5270
500
100
6016
300
9418
500
1000
800
465
100
20
500
1000
6920
100
500
3210
20
268
100
500
600
1000
4955
500
6610
3331
100
100
6610
6027
100
5799
8610
7763
9150
6462
50
7650
1260
773
1040
5500
800
100
500
2530
50
7530
100
6330
4990
50
100
3608
1000
2907
100
1000
9000
1690
1000
100
1000
5140
50
800
2590
1000
20
7230
50
500
3535
6657
500
2040
50
8540
800
4373
7748
9680
500
400
700
50
8490
7615
1000
20
9643
50
400
50
500
500
20
1000
20
6390
7250
3750
50
8910
222
2302
400
1000
100
1000
1000
700
500
300
50
600
100
8970
9640
50
50
9062
5334
100
500
3631
100
6104
400
8950
900
2703
20
500
1000
500
600
8080
20
100
6310
1247
6475
300
800
400
6580
2150
2530
6400
20
500
1000
6390
3500
1000
1440
500
8980
5870
500
9660
2211
8750
6152
900
936
2904
20
100
6540
500
900
2243
20
7080
3500
400
900
2380
9530
5350
6270
6554
500
500
5823
8124
1313
50
5610
50
400
600
100
5495
100
200
1000
3110
20
1710
3766
5335
3557
7335
4238
738
100
50
50
5060
500
50
100
20
20
100
9368
1000
6440
1000
9010
500
300
100
632
8275
50
1630
6790
480
8210
5890
500
516
100
20
20
20
500
900
500
5750
1000
100
4160
1980
50
500
100
500
8900
1000
600
7170
8740
500
1000
7890
100
50
7200
500
20
4320
500
100
6780
400
7600
9438
100
200
1000
500
9590
7220
3330
500
50
500
600
100
20
6910
3531
500
100
20
500
500
7380
50
8651
20
8176
4250
9310
2950
20
6804
7570
1000
5243
6820
100
50
5160
1000
9951
20
400
500
1000
2400
400
5854
50
20
5145
500
3000
879
7760
20
1000
727
50
50
1997
9310
5044
4230
3590
50
7990
8050
8547
9041
4366
500
5310
8829
3130
2590
50
1000
2660
6670
342
4490
4813
1370
20
6210
500
400
6580
20
2710
50
500
8790
100
1000
5800
9620
20
50
540
1000
700
100
50
780
5749
9520
500
20
1980
100
7070
20
20
3171
3000
6820
8730
8970
500
20
200
7508
20
100
5370
50
1000
7310
7738
1000
9354
1220
6162
1000
600
1000
5020
2698
3539
900
5837
1080
100
6220
1000
100
6358
200
8340
354
50
50
8781
1000
9120
50
620
1370
20
100
8080
9688
830
50
3020
20
1000
9780
100
800
5050
900
977
500
1000
953
1000
500
2027
1000
50
500
7450
5206
6090
400
2750
7700
500
9510
100
5776
20
100
100
5514
500
100
3327
100
1000
1000
100
1694
8138
50
100
8424
4003
100
5570
1000
5390
50
50
800
20
3330
50
3400
3234
100
6514
4731
1740
9410
20
200
500
300
400
400
8479
9810
1000
8781
300
7270
100
20
20
500
1000
5490
100
500
6848
50
20
6200
8320
20
6580
20
1000
100
1760
50
300
100
6120
4610
400
1000
4530
9634
50
8787
9440
1090
6050
100
500
3560
50
50
2370
2560
1700
6199
1000
3768
7294
8523
1000
4533
7110
100
7061
190
300
1000
700
694
50
100
9820
900
1130
2830
500
6781
8960
1650
50
1000
1000
300
4306
2850
50
1550
1000
500
500
20
20
100
1958
1620
1000
500
1040
500
500
700
20
9990
1000
3450
5340
2110
9050
530
800
3020
7684
5220
1000
500
2740
100
100
8467
830
400
50
500
100
50
6230
5603
1979
600
100
500
9630
100
50
7180
5304
20
7740
1000
200
20
100
3088
6371
7067
500
900
7430
20
500
8800
100
20
710
50
20
500
7684
1234
1930
1000
4473
20
5670
7037
1000
7770
5169
1000
80
7720
20
20
100
1010
20
100
50
8680
100
9960
7210
5393
795
500
100
1940
100
700
500
6140
5080
200
4063
500
50
20
1000
100
200
4690
400
8226
20
100
1000
500
1000
3310
400
5880
700
4700
500
3347
2828
839
1000
1281
50
50
2980
100
3360
100
2896
1000
7930
20
20
4160
5802
7934
500
400
500
6800
1000
1000
50
50
100
50
2209
500
7630
7161
4590
100
1000
500
7076
20
5941
1000
9794
8199
1641
600
100
50
9050
300
100
100
1428
500
800
100
500
50
20
8435
500
7370
900
3620
50
1000
200
20
8260
4170
9500
8800
1000
3360
8250
9846
500
20
600
500
100
1000
20
300
800
50
20
7060
500
900
2445
8840
500
1000
500
3330
1710
7230
50
50
1000
4000
579
2630
6857
1934
100
1000
100
50
2314
1000
500
160
20
9895
20
4090
1940
8560
500
500
1000
7632
700
100
50
1000
500
500
100
300
50
20
100
200
1000
20
50
300
1062
1000
1820
1000
1130
100
20
63
400
7141
20
500
2359
8258
4240
170
9760
100
1380
600
3940
8160
200
50
5870
7219
5210
9497
4600
20
1341
500
20
5580
20
100
2500
4750
8850
20
50
1000
8448
1000
5470
700
6845
8762
874
300
500
600
3610
7550
3380
3556
4150
1478
20
3257
6520
100
20
1000
100
500
20
500
5300
950
480
20
500
500
500
5620
500
9288
1597
7380
50
500
2750
100
50
20
100
220
2840
9430
9000
5512
6059
5750
1000
7470
50
765
8700
1000
1000
20
300
6430
3220
20
1000
500
100
1000
20
1000
2960
20
100
100
300
7880
250
100
50
5900
700
1940
900
8830
1000
1000
700
1000
200
2580
8444
7700
50
400
200
1000
7430
50
6470
3735
1000
9689
6600
1000
7506
100
1480
7640
3089
1000
9430
500
20
500
1231
500
7760
20
500
20
8670
500
50
2600
8110
100
5810
500
5350
1146
1000
1000
50
50
1501
50
500
1000
2615
1000
2480
100
500
1000
1000
1420
20
4880
1000
900
50
3758
20
1000
500
490
5970
50
1369
20
20
900
300
20
1000
50
6485
634
100
5442
9999
4753
2960
8420
600
800
900
1000
100
8410
9540
1000
3840
20
20
550
5950
500
1460
100
500
3500
7990
50
1000
50
9080
500
9510
1000
2270
500
20
100
20
20
5820
1720
900
20
5020
8750
500
3511
1000
4231
100
4986
220
1000
500
50
100
1000
8229
100
1730
7152
1000
3143
100
7345
300
1000
800
1000
50
50
9738
1000
3093
100
8179
812
500
50
500
4840
50
1670
630
7540
600
9460
100
100
1040
1000
1020
9400
5136
4380
9720
20
5680
700
9050
3520
100
9940
500
20
20
400
1390
6669
3450
2120
400
5615
1000
7663
500
20
4180
5880
50
20
780
50
4520
9870
500
4310
20
7220
69
500
100
6640
100
1000
1000
1603
9052
100
500
2590
2020
20
4480
4980
400
20
20
1000
2670
1000
485
500
50
4370
8700
1000
9320
2930
3620
900
5287
300
50
1999
20
500
1000
50
1660
9430
1000
50
3100
5790
50
640
6070
370
500
20
20
20
2080
50
5260
50
2982
1360
9540
50
1585
4660
6560
100
9700
700
7430
9360
1000
20
8610
100
20
8860
20
100
20
2190
8460
5058
1000
20
2960
3340
600
20
8550
50
500
5640
1000
50
20
20
7084
2070
1060
300
100
300
100
4420
20
50
700
6969
7140
50
3040
100
5374
1850
3032
500
50
100
100
1000
1580
8810
100
20
6640
50
7000
9990
800
500
50
6440
8829
200
100
1000
400
2853
9490
50
500
20
2963
1000
2677
600
3083
100
30
6940
20
20
3420
50
500
50
20
370
900
1000
800
4219
1000
100
510
800
3140
7330
50
500
767
900
9300
50
100
50
1000
5330
100
531
1000
2310
8877
3505
1000
100
300
1000
500
20
500
1000
200
6510
1000
200
5975
20
6300
500
1030
20
400
300
1250
20
50
5510
933
829
5980
500
500
9132
100
50
1000
7660
1000
100
50
100
500
1120
500
1293
4770
20
1000
1140
4400
50
900
6980
400
200
900
1000
4658
8740
4710
20
6870
400
500
240
100
50
4930
50
400
100
2026
6910
1000
500
50
3236
1391
6890
1000
20
1000
1400
3090
1880
20
2584
9371
700
8501
660
900
500
50
6650
50
9110
50
200
100
100
50
20
9810
1000
7440
9676
50
20
9039
5190
5210
300
50
6060
1270
3719
3460
1000
200
50
4211
4210
9650
1000
50
6710
100
1000
200
7970
1600
230
100
800
260
500
1000
5020
500
6897
3933
3706
800
1000
400
660
100
3170
1970
20
5431
20
1000
1000
5271
2960
500
1000
500
1000
6560
1000
20
4766
20
7640
100
20
2180
8880
500
20
50
1000
20
50
4966
500
50
1870
7757
600
2600
9230
1000
6050
50
4580
8420
50
6170
500
5090
100
1000
50
100
8190
9270
6470
50
3320
100
130
100
1000
1000
8140
2648
50
1050
20
6480
6830
50
5816
20
3410
7860
4660
9860
20
4360
8630
100
9367
5260
3950
600
20
100
100
1000
50
500
500
20
9687
500
500
7190
700
1000
400
5630
4740
1350
100
100
1820
1000
1000
1098
500
500
5996
500
1000
400
3288
3010
7970
5670
500
20
570
100
1710
1000
4630
4726
50
20
20
500
8050
1000
500
100
500
50
100
20
900
6260
50
4240
50
500
1000
6180
2300
9866
7790
50
800
9190
2631
50
137
440
1960
20
4560
100
200
20
100
7180
4850
500
20
100
20
8911
500
3065
20
50
4270
5089
1648
500
2884
500
500
20
20
50
50
3920
500
4450
500
1000
50
1920
3486
100
1310
50
1000
100
100
1600
9820
20
780
3820
1000
50
500
1000
100
50
701
2063
6759
1000
500
4080
1320
50
100
900
6210
8650
5300
20
100
3220
4287
100
6491
660
500
4280
6380
100
7490
9770
8630
20
100
8107
1000
50
1000
9530
100
100
8875
7640
3760
2760
1000
50
500
200
2971
5820
20
2710
1000
500
100
50
50
100
100
1308
1000
500
913
4910
4060
6030
4522
7370
400
3407
300
3570
50
6910
1000
1590
200
1000
4130
600
8705
700
1350
2440
500
4850
1000
3870
7304
8760
50
6241
100
100
7372
1490
4570
20
20
1000
20
500
3150
20
100
7040
400
50
1742
5210
500
410
400
500
500
50
100
9527
1000
1570
1000
1000
1000
9040
100
658
5940
3660
1000
9327
1000
7342
600
500
50
3112
500
500
50
100
7030
8334
1000
20
4560
1000
20
4687
1000
800
280
800
9710
500
1000
3198
50
700
8910
3022
4467
1510
8090
500
2100
500
8604
4873
100
500
50
50
50
200
50
1770
50
50
500
500
500
100
3330
500
400
20
50
4680
100
8030
20
4830
1000
100
1570
100
100
50
140
50
7570
50
100
5950
1000
600
1000
200
1000
50
300
50
50
8200
600
500
50
5830
400
9420
20
6820
1810
2216
500
800
2260
100
9060
50
1130
20
500
7417
7930
7994
6650
3455
795
700
20
50
600
500
4745
1000
3330
5810
50
1227
20
1000
50
100
2580
1000
900
20
20
100
5931
5030
500
1000
500
3342
500
1000
20
500
9360
1923
20
3715
200
20
700
9220
7490
100
400
100
100
9810
200
500
3680
50
1000
3399
50
1000
2898
50
3123
50
5329
1992
4510
6270
1000
500
8720
500
500
3400
6610
500
100
1000
400
500
390
1467
600
1000
1000
1156
20
4140
1000
500
50
7533
50
9310
20
2444
9375
50
1000
20
20
50
800
500
722
6925
500
20
600
1000
9230
20
300
300
700
1441
4780
300
50
20
700
20
500
7540
1750
1128
6377
3003
500
500
100
4004
1000
500
7991
800
1000
6820
6320
8395
8788
500
100
1000
50
20
500
300
20
9690
500
4776
8855
100
800
100
500
9358
5720
7520
5060
20
7313
122
1000
3257
5370
100
572
970
458
400
6170
50
50
20
8910
100
300
50
5037
3100
20
1000
6327
8490
50
20
3760
9090
9390
8275
20
700
500
500
500
100
20
500
2350
1000
500
50
700
7390
5488
7430
9343
4560
500
2929
4770
1000
1770
100
1554
7029
20
100
7980
20
410
50
200
500
1370
290
100
50
120
5844
5694
1250
500
20
5740
300
50
878
20
9960
500
500
7600
7170
500
50
2620
3820
3008
500
500
300
800
2180
20
20
500
740
1000
3943
20
100
1000
100
1260
20
2320
530
6460
4250
1000
20
1000
4920
300
1000
1000
300
1000
500
20
1000
50
20
6010
600
800
50
5269
8000
20
776
638
400
7446
20
8595
500
500
20
9660
100
7120
9223
200
8300
5828
300
20
20
9870
6260
1000
1000
5571
1000
6962
6590
2990
1760
6930
8725
100
7140
4638
2484
1750
100
6400
100
50
1000
190
7560
7810
3150
2437
500
400
800
7400
2108
3959
500
4105
1000
9402
500
50
260
20
3282
749
9150
500
1330
580
100
1000
3470
5010
1000
100
284
2729
50
50
600
100
9380
500
1000
7280
20
6630
4957
20
2989
1000
500
700
2450
20
4360
100
100
1000
1000
50
50
6554
500
100
700
20
50
1000
7840
6220
700
5290
50
4170
20
9494
100
8810
50
500
9736
500
500
200
4570
20
100
410
50
3020
900
3830
500
50
50
900
1000
100
3900
20
20
2700
1552
7390
3637
2516
500
500
50
4124
9810
100
9060
600
500
2608
7767
50
600
7970
500
50
5630
1160
100
2340
3220
20
1350
5203
50
100
1990
2900
1000
502
7300
100
1070
20
5720
1000
1000
500
200
5810
202
7033
4960
700
1000
8390
2060
300
50
3500
50
3680
100
6250
8259
20
20
421
500
1691
20
1080
1000
3940
400
100
4400
500
3768
600
20
20
800
200
340
200
20
50
1000
500
20
1000
8540
50
4560
7529
50
1040
100
100
7128
1000
5890
100
3070
8730
8630
50
500
2463
2110
1000
200
7610
727
300
500
511
3060
9807
1000
6497
8598
9280
500
20
3290
1000
3620
213
500
302
100
7585
3947
500
50
50
2462
1770
6190
20
50
50
1000
9940
200
50
700
20
1040
1000
20
3770
500
220
1538
20
300
1527
300
100
1000
20
5190
500
50
50
500
2355
9812
2520
5120
100
900
1895
5630
500
1000
900
20
300
6730
5909
9136
4830
50
3130
2472
1000
20
20
9020
2960
50
100
8065
8241
160
50
5610
800
1000
2777
2650
7910
8780
100
2550
1630
50
100
5610
800
5574
600
20
828
200
500
600
50
500
1000
9525
500
50
582
1000
7153
100
500
8850
116
20
3840
100
6620
8216
1000
200
100
1000
7083
700
100
6040
2244
50
100
20
500
20
6898
1000
500
500
9260
20
7079
20
20
7570
20
500
9010
8317
50
8430
100
8636
100
1000
1000
9160
2270
3760
20
378
4530
6660
4989
8490
500
2448
9
100
50
7233
600
50
500
9340
100
9040
50
1810
5760
400
400
50
500
50
20
7391
100
1450
4423
1000
50
500
6430
820
500
6950
400
50
5785
4630
200
1000
190
50
100
50
1121
100
3954
500
870
7260
20
900
4953
1000
900
20
1000
20
500
9950
7700
20
600
50
9090
100
1000
100
20
7264
7000
4213
50
5460
4990
500
1000
6141
6390
1810
290
50
1000
20
50
20
9960
9070
50
2130
7824
1310
7140
100
100
4744
50
50
2710
500
100
3030
50
4630
20
900
500
880
8550
100
8688
1640
9700
6306
1000
8900
100
20
400
1000
200
2411
20
5050
5540
20
9830
500
3167
20
630
2760
500
700
6130
540
100
6320
4700
20
1860
50
500
1810
8690
8843
760
1000
500
3827
500
100
20
50
1000
2147
400
1000
1000
8449
600
100
50
3450
1000
3230
870
500
4216
2330
500
1000
7090
9946
7280
9740
100
1000
1000
6578
1000
320
1000
7835
50
8290
8390
50
500
20
200
500
50
5360
1000
50
500
50
20
3974
8698
834
20
300
3187
2600
20
1000
20
100
20
5510
20
7350
500
120
8170
500
3172
500
1000
7159
9630
50
1650
20
3780
50
8830
7602
4130
2740
50
2838
7600
1440
1300
100
100
100
9390
20
20
600
3974
9450
8890
1000
9207
500
1000
1910
1070
1000
200
20
200
800
200
4120
6870
8871
50
6094
2249
100
3660
1240
1040
900
7990
4431
1000
220
20
20
3187
100
700
50
5920
500
20
1750
50
20
7827
300
9268
100
6810
50
6130
50
50
500
500
6600
100
760
590
508
2030
7869
50
840
6440
1000
50
5381
500
8319
20
50
490
300
400
7750
9140
1000
9200
100
50
9160
20
2990
20
50
2880
1000
800
8250
5700
1000
50
9550
4410
500
500
2990
20
4590
1000
1000
500
50
700
1000
500
2300
1015
500
100
4472
8319
8280
20
100
100
2640
5555
400
20
4390
1000
8000
20
100
1000
1000
1180
20
2907
50
1000
500
3024
7396
4410
6534
2350
1000
4720
8260
500
50
500
6520
8371
500
100
20
900
1040
3870
290
3160
3358
20
600
500
3760
9799
1000
1900
20
20
100
7260
2130
100
5240
3170
100
6220
8330
9270
8563
500
500
500
20
1464
7759
6366
6720
7510
3180
7620
1000
9786
500
1000
6901
671
400
1000
1000
9060
1000
2150
1000
50
9040
6020
1000
600
3959
4930
7540
1184
8900
500
50
200
3460
1000
500
100
4580
1000
500
8890
3696
8580
7180
8158
6305
5276
20
500
2300
6060
400
7800
1000
6900
4592
200
500
2970
20
100
5750
7440
6020
50
300
20
1000
800
20
600
20
1000
4300
500
50
900
50
5340
500
5497
50
50
100
4160
860
100
4591
1000
400
500
7550
100
1000
500
9697
50
6520
1110
2190
7598
8210
3599
100
9073
500
700
50
500
20
8000
500
2700
900
400
1000
20
9220
770
100
200
20
4620
1000
7997
5331
8175
600
6980
20
100
3530
50
600
100
580
500
50
50
3400
20
50
1000
5040
6070
400
50
50
5250
50
8020
20
200
900
500
3951
3195
600
500
100
50
8143
9585
100
20
100
500
50
4670
2740
2080
7959
500
3563
200
500
500
50
6900
5070
20
1000
100
8818
300
50
7920
500
526
50
5490
3160
800
7000
300
1000
4209
6420
50
500
500
400
1000
900
2484
3352
4940
500
100
500
20
1387
100
20
172
749
9485
3158
1000
100
20
100
4228
900
500
8580
500
6350
260
5690
2330
2670
500
3820
3894
1480
500
1000
4310
20
1000
5040
100
100
50
500
3710
2056
101
490
1000
696
2210
1000
2540
20
100
900
20
600
400
20
500
8201
9770
100
500
50
100
50
20
240
1238
20
570
400
700
50
1000
500
20
100
1000
9380
6310
8629
7127
500
500
3500
50
6381
500
500
1000
400
7421
50
8375
7180
500
20
7920
3070
400
100
500
500
9865
50
3380
1000
50
6670
100
5327
1000
5910
540
4955
1799
1000
50
5510
1000
9340
3920
7610
50
8780
500
500
3730
50
500
50
500
1000
100
8940
50
500
500
6141
1000
20
100
1060
20
50
8600
7224
20
7830
20
6260
1540
1197
200
7088
20
20
7790
500
500
9400
626
7124
2254
7780
50
300
6290
50
50
9990
400
500
6310
7670
1000
20
3140
500
20
930
200
1540
1950
50
1480
6259
500
8380
240
20
2390
400
20
50
400
7468
3606
3320
100
50
100
9951
50
1000
800
500
6261
8700
4180
500
4335
4500
20
9217
4840
1000
50
100
20
4950
600
3301
6540
9580
570
1740
3250
3675
100
300
4000
100
50
6470
20
300
1812
500
800
100
9460
100
1000
50
5080
2505
20
100
50
7680
20
9610
1000
500
7710
7410
8670
2860
500
100
659
100
820
500
7445
1240
6079
100
7
1000
1000
600
50
20
3360
500
20
2641
100
7761
8880
9178
1000
4830
4750
500
4450
500
500
7897
3645
50
1500
6250
3690
500
7577
6338
100
1000
1720
6380
100
170
100
100
100
100
100
9180
5870
320
50
7970
100
500
6887
1880
450
2679
100
20
500
50
9603
6860
100
50
7240
7003
8680
20
182
20
100
50
500
50
4878
100
100
2140
2020
300
6545
500
500
50
9176
7130
100
6120
100
205
100
50
6637
7040
4862
398
7940
1000
4810
50
1000
1000
20
20
3840
5789
100
1010
8440
20
8469
1000
8903
100
1760
6579
4360
50
6680
3780
1627
200
500
500
1000
500
235
400
5130
20
20
1000
20
500
100
500
50
2320
8022
7460
100
9740
4220
500
500
5720
2342
20
50
9049
100
5050
100
50
200
5050
7560
8360
8074
6230
4175
20
50
100
1000
9860
50
100
980
5390
50
50
100
8330
500
900
1585
678
6577
3009
1129
500
1000
500
8520
2098
8250
7612
300
2920
713
100
50
50
4350
20
1000
1000
20
100
8054
6016
3530
8050
1000
1550
140
100
500
5310
7936
1940
3090
100
900
1000
7495
500
4820
500
3300
2310
50
8460
9644
500
1000
500
7920
7560
500
1000
4230
100
100
3805
8355
500
1939
6528
50
9177
100
9470
6050
3190
7230
100
700
5490
941
20
1000
500
900
900
6484
2894
100
500
9537
540
9310
7260
4632
6131
20
1280
5107
1000
20
2514
8220
500
50
20
500
2176
100
5040
1000
500
300
50
100
500
400
6140
2860
8250
7830
500
2750
700
20
200
1000
50
20
900
312
1063
800
9030
50
50
100
7791
3974
20
7880
20
4190
1000
7488
500
50
2910
7443
1000
1000
6240
6738
100
5470
3695
2110
1000
9490
5190
20
896
20
500
9910
800
4400
50
100
1000
500
100
50
3274
8753
500
20
6752
1000
1765
5630
500
8990
50
6930
900
6230
50
4505
9780
1000
20
100
6453
200
100
410
1000
50
7196
50
50
50
800
1000
800
700
20
600
500
20
500
50
5629
50
7716
6920
3960
7723
1000
50
20
50
7336
6310
500
8650
1812
980
500
1000
500
100
5680
1870
1790
1000
2410
1000
4840
630
20
3490
9184
659
120
50
5740
4620
500
50
9130
500
8090
100
500
7460
50
50
7614
600
8750
5530
5920
600
9566
300
1330
100
6580
100
100
9370
1000
1752
2930
700
3090
1000
2170
20
500
100
1000
20
50
3287
50
7070
7390
1000
200
1220
500
7260
2820
500
100
2460
2792
200
6040
100
1000
50
400
50
6904
9363
4840
100
7200
900
20
1000
50
1000
50
400
8340
8740
7810
4720
800
7120
500
5502
500
4070
7831
100
100
50
4420
1000
1000
50
1000
1391
8250
20
50
100
1000
5210
3190
670
6820
4559
9341
20
500
3650
1616
7973
50
100
100
6480
6950
50
100
1000
9190
100
500
1000
1000
20
2300
5390
100
5570
50
50
50
1060
6310
500
538
300
50
20
9694
100
20
100
700
50
20
100
9350
20
4630
1000
1000
50
900
5470
400
8870
1950
500
7647
50
2540
3310
200
1000
5650
1000
20
100
20
8370
50
6320
100
500
4123
1000
20
2551
500
5230
7605
50
1000
1000
3400
3070
3270
300
9050
3550
152
3920
1000
100
1000
1590
100
20
9181
400
100
3313
300
1090
20
500
1000
500
100
900
20
50
100
5988
1000
1000
9050
500
4730
50
500
200
500
1000
8540
500
700
2630
50
500
9230
1400
5780
640
5731
7330
2070
20
2630
6470
700
6220
9200
200
200
2950
1000
50
4697
500
1613
60
100
500
3340
100
20
400
50
50
300
7350
50
100
500
800
2281
50
300
50
600
50
100
3000
50
140
50
700
7256
20
20
800
8650
500
2407
100
100
6510
20
9160
50
100
800
20
20
4510
100
3030
1000
1000
1000
500
5806
6380
6121
8050
60
2031
2900
8550
1000
230
3460
50
20
50
100
1730
8710
6906
1000
2400
500
8081
500
20
1000
5650
20
800
500
3210
6460
5360
4535
50
8760
500
5453
500
500
70
20
20
900
20
100
100
5760
50
50
500
657
2440
500
100
20
5430
50
100
100
1000
1874
1727
500
20
1000
100
7221
3215
741
160
3050
2155
6090
50
4990
200
100
50
4470
400
1000
800
8240
1980
120
5205
9970
9997
2770
4207
5489
7400
20
9814
9074
500
316
3310
7390
8850
500
50
100
1000
4643
500
8660
100
800
4649
20
7250
500
100
900
9494
610
50
20
500
6330
50
50
3031
8418
50
20
50
5480
700
100
400
2725
2390
8494
50
50
50
1420
500
4090
20
8950
100
7800
9926
100
9110
100
430
4420
100
1000
9270
7160
20
50
1000
540
500
1000
1000
20
7700
7750
4130
20
6130
20
4424
85
600
2244
4080
50
5502
6621
9960
500
600
9999
3010
5330
100
9439
500
4866
50
6649
9237
100
8880
1000
3838
500
1580
50
1000
7870
20
215
4975
1230
20
500
600
20
500
300
3217
500
100
3180
100
100
20
3880
5640
9830
500
100
500
8800
5190
1255
1000
1000
20
107
500
3402
3410
50
9205
500
900
3560
570
8874
7385
20
7020
6960
900
9928
20
600
500
50
5800
500
50
50
50
100
6940
3930
5960
100
300
100
300
20
5660
9971
200
50
4560
500
2800
1000
20
9420
500
8162
4000
9960
900
1490
5023
600
100
9300
6340
9328
600
1000
20
100
500
100
6177
500
2664
100
100
500
1
3897
500
5630
720
5448
5240
20
900
300
20
100
8934
7990
7310
6269
100
20
6050
900
3352
9510
500
50
50
8340
853
1750
20
6100
5010
500
8128
700
50
700
20
2790
1240
500
100
100
100
300
3073
500
500
1000
20
1000
50
9256
7320
9230
300
1130
50
100
1000
500
5130
543
7500
20
1000
1000
1830
100
3290
1421
1000
1000
7230
4150
50
8751
9138
600
100
500
1897
1000
1000
100
6718
6410
50
7390
50
500
9330
1000
8060
1315
7780
500
50
100
5862
4214
20
50
1000
1000
6740
500
7130
2170
7790
100
1000
1000
400
3147
6120
500
2400
370
100
500
3780
1000
8030
3773
700
7985
1300
20
500
8390
500
7110
9130
300
5740
100
2353
1000
8034
7901
200
20
900
20
20
537
100
7880
3993
200
20
1000
20
50
50
50
8630
2570
7305
100
900
100
1000
800
5880
380
20
500
8248
9710
500
6854
1000
500
300
100
1839
630
5988
500
50
200
7260
20
180
500
50
1000
5694
9594
846
9420
500
600
8202
20
100
500
500
1000
9800
600
700
5100
900
2880
1000
20
1000
4990
3170
100
20
100
9057
50
4210
50
1160
2720
6920
500
900
5170
9530
100
4720
300
8840
2960
20
50
100
8250
3680
3130
4278
50
6890
1000
1000
20
1000
7607
7070
200
3271
50
7080
100
410
300
5750
3090
20
200
1000
4770
2770
500
500
900
50
9590
20
1000
4170
880
7860
20
4531
7949
20
4940
9540
1597
9948
7900
100
1000
5408
50
100
1000
500
7760
500
500
1000
6220
5080
255
100
50
9440
1000
500
3360
4760
100
5133
8440
7454
1000
4860
110
1250
1000
5420
2610
1000
50
20
4160
4210
7823
90
500
4383
100
5327
9910
600
100
4250
500
50
50
500
1000
6530
7330
3070
6280
100
1470
50
50
500
100
4620
100
9510
6430
800
700
206
50
50
200
660
400
20
4987
2962
500
500
50
8750
50
900
8067
1000
500
50
100
100
1000
1441
1000
300
500
50
9500
500
500
500
6070
50
2502
100
1404
800
4676
50
50
500
100
3860
8048
20
300
3610
100
1000
9590
4010
50
50
500
400
1000
800
589
6290
2279
5480
2100
20
50
4086
50
1000
8310
20
500
1290
300
50
3312
50
6450
3746
800
2540
4960
1500
500
1000
2345
20
1570
4237
500
1000
500
20
7540
2100
2107
100
6834
1000
6036
1000
2889
9848
6880
8620
20
900
100
4770
20
1650
9117
100
6140
500
400
300
1830
20
200
8240
1000
1955
50
1000
4770
9340
50
20
200
20
1340
20
3423
50
750
20
1000
50
9937
1000
8960
500
500
500
100
20
1000
380
8350
6650
700
500
500
1000
100
500
6474
500
400
400
500
50
50
50
50
6890
1000
4670
20
300
7480
500
3477
800
100
5562
20
4360
1000
910
20
500
50
5583
1000
500
200
50
7650
2687
6170
100
20
50
20
1860
20
7551
500
50
1100
829
7960
1000
3720
3454
4627
500
9552
600
500
20
500
3140
50
50
20
200
500
4230
20
500
600
500
1270
400
4770
9370
3270
7730
500
3140
100
500
50
1000
2840
1000
200
100
4272
20
7620
100
100
2904
1610
660
20
2020
4902
5330
100
50
1202
8180
1000
3642
8311
5820
9532
4280
880
550
500
1650
5182
20
800
5050
6973
3840
50
500
4680
9150
20
50
1000
50
3180
1000
7827
100
100
1000
9045
3130
9670
5717
750
9970
1000
5779
1000
100
2570
100
500
300
500
50
1580
100
500
500
50
9720
500
2585
1770
6400
4684
20
800
6650
2820
2423
9074
20
20
50
50
50
5581
6691
500
6330
50
50
900
5047
8860
300
1000
300
987
1470
700
7700
3120
9950
8240
100
8790
7660
3690
470
500
100
20
900
8980
20
6430
9950
8185
20
4383
3
8386
1000
1000
5967
3390
8703
500
500
20
20
9600
4439
600
3701
50
50
8010
9005
50
50
500
1000
4243
9931
20
1370
8385
100
50
100
20
400
500
2730
100
500
50
20
200
500
100
6336
100
8080
7793
1570
1000
1440
20
50
2726
100
1000
630
5488
500
500
500
600
50
20
100
6340
300
9182
3120
7490
1940
1599
1368
6120
500
500
9414
50
50
50
50
20
1000
100
20
100
5316
1000
4532
50
9982
5317
500
20
2960
1000
50
3650
700
3511
100
1000
9060
200
1725
220
5430
4945
20
1000
454
100
2521
100
6356
1000
8000
1000
6850
100
500
100
610
100
8596
9840
500
100
500
20
3962
6180
500
100
1000
650
5890
1680
200
3420
300
2120
1000
3940
1000
9378
50
6080
50
7612
100
7513
50
6970
6880
20
20
5380
600
50
4260
6696
110
100
6420
910
900
3520
4416
4860
389
600
50
50
500
100
1000
50
50
5930
2940
1640
50
100
20
100
2074
9660
6290
300
500
2580
50
2797
9331
9620
5920
20
500
800
300
20
9950
6200
1000
100
100
1000
7233
4067
5190
1000
1980
700
500
1000
7939
50
1000
1000
8510
1932
5000
2608
500
2014
4030
1000
1290
500
800
3944
4794
5516
9721
500
7200
7560
16
300
400
50
500
100
20
5211
586
500
20
1000
3270
20
500
7320
20
500
50
20
5700
100
2170
5170
4400
20
500
50
500
50
50
500
4520
1160
4390
500
1000
3110
50
100
20
100
20
900
9350
500
200
3006
100
50
5740
300
6230
7240
50
500
7175
6710
100
5421
50
2320
1000
8433
5834
900
100
6620
2440
200
3480
500
1000
9262
8550
100
1369
4620
100
4400
1000
50
1000
1000
1000
160
9819
590
2096
1190
20
50
20
2291
1000
400
50
1000
6011
500
500
700
1000
9120
4305
2528
3699
2610
500
900
500
1000
7570
1840
3162
8050
100
500
20
500
9130
100
3830
2240
100
2160
800
9910
660
400
1000
500
7473
20
2750
2850
100
500
100
100
100
700
7860
200
50
5110
8140
6440
500
500
5870
100
50
6490
5880
100
870
50
4390
700
8930
100
1699
7160
500
6916
8365
1000
1000
3248
500
1236
100
1140
20
9920
5100
50
1000
1170
20
1010
600
7950
300
9471
100
900
6020
50
1000
100
500
1000
4770
7190
1164
1300
5550
50
1117
9250
50
9650
20
20
8890
4810
2416
50
3108
4794
3524
3390
3160
50
20
20
900
800
4835
4380
50
6207
7995
1723
500
710
1431
500
500
50
50
50
8920
300
500
5864
4959
500
3180
1000
200
400
4130
400
100
500
50
2690
450
500
700
1000
3987
100
3590
1816
8840
500
630
5690
500
1581
50
2530
3868
7773
4190
100
400
100
50
100
6300
800
50
5981
200
1000
1650
7500
3208
7200
1000
1000
240
1000
2092
20
20
5080
500
500
200
5360
900
500
20
500
50
50
3800
8917
9310
100
20
1331
900
200
50
6220
800
200
400
20
476
20
5084
20
3033
9230
20
1184
2123
1000
9380
521
2480
500
3620
200
8500
100
1240
500
500
8690
5680
800
2242
3610
50
5151
1000
500
4956
500
500
4900
5070
20
50
20
100
500
7290
20
500
100
1400
500
500
50
200
1010
6036
500
50
8080
1000
700
5171
20
2860
100
1080
4780
500
50
100
5540
130
100
50
3392
20
1000
1776
500
900
500
2320
5758
20
500
8500
160
2425
200
50
850
7540
7400
7056
50
1000
50
763
9790
100
500
8460
100
1494
1000
600
9979
20
7960
4723
500
700
20
560
1000
6580
4480
100
50
20
7360
850
5310
50
7120
1000
1000
50
1746
1000
1000
100
1000
5760
5230
500
4185
2333
5827
500
20
3410
100
500
1000
500
6397
100
500
5653
1000
9317
50
7656
50
1000
8795
3473
100
1000
500
100
500
20
4550
100
1000
8220
9050
710
100
4886
2947
3329
50
1000
2790
680
1000
4130
500
9900
100
1000
5910
1000
100
20
1000
50
4684
400
4280
300
3809
6810
1420
784
1000
3760
1000
5650
310
20
100
800
500
4949
50
500
8040
100
500
1000
1000
4880
7070
6820
100
20
1050
100
50
1000
8841
50
20
380
500
310
3950
100
2990
5850
500
900
8960
500
50
7210
3280
1000
100
3110
5370
500
700
20
1000
900
6750
7524
5450
500
1000
9165
500
1000
50
4910
3580
100
500
330
9640
4020
7780
500
8861
20
1360
8570
2190
3223
100
100
500
1069
8342
3960
2748
3490
1000
500
500
2240
7078
1000
3309
4740
2888
20
500
100
1921
5602
100
1184
3650
2875
1920
50
500
3260
300
300
5370
1000
4120
9370
7687
2240
100
400
100
500
4480
8280
40
800
7954
672
500
500
2930
100
5331
740
4540
2633
9470
100
5910
6502
9630
500
400
20
500
6390
600
2070
1000
50
302
100
20
9080
100
1000
50
2040
300
500
5324
970
6391
500
500
20
7240
20
5850
100
100
1000
8240
100
4952
3360
1000
1000
100
7300
700
8240
100
1000
500
500
7100
50
2528
200
200
100
400
7040
20
500
1258
7629
7020
4240
1390
780
300
20
600
2823
100
50
5728
50
50
20
9370
100
500
9040
100
50
9130
9220
8450
20
9160
4601
20
50
7368
100
5471
6870
300
20
1000
50
2520
4720
500
20
8620
100
20
6666
50
100
5850
9162
50
3659
50
2732
500
2779
800
800
200
1052
9263
200
5090
1000
100
8980
100
100
500
3440
2612
200
500
50
2430
50
1867
700
7380
20
50
7448
1980
5660
400
3420
3170
100
8130
9830
4500
20
500
20
500
7760
20
4429
2360
5370
3320
100
4470
800
50
500
100
1000
500
50
50
6566
50
1000
500
4673
6230
7833
800
1000
7890
6470
7520
7210
100
500
900
6620
5650
600
500
7530
20
2940
50
100
3460
6436
1000
50
20
1000
800
500
800
9464
900
2111
6840
100
7080
700
50
7450
50
100
50
9830
100
969
100
2494
5999
700
700
1756
600
5030
500
500
905
50
1427
800
100
20
500
50
50
2980
20
20
3022
50
20
2800
500
50
20
8788
500
1501
680
500
100
9861
50
600
1003
1730
20
8540
500
500
50
7870
500
20
1000
5911
100
20
9680
1000
9350
618
400
443
553
4790
1234
5340
20
700
687
9710
5940
20
6293
1239
5366
2950
8585
50
2065
3200
50
4049
9080
6840
20
100
6381
1134
50
500
2590
100
9950
2893
400
100
100
4570
3690
20
20
50
6613
100
5323
5822
8072
500
7670
100
500
3636
500
200
4890
500
1000
400
50
20
500
500
3139
1700
7054
5525
4045
9148
100
100
4790
340
18
200
4537
100
3000
8050
100
500
9530
7370
1000
4803
1580
2460
7500
50
20
900
1440
4876
20
500
20
200
4758
1000
100
500
311
20
100
2930
1000
50
6761
500
6246
686
9831
1000
8560
50
7990
20
6270
9700
100
520
7740
50
20
1000
9440
50
1000
8594
100
3894
100
1137
140
6020
1000
8070
50
20
1819
1530
500
2257
3575
3889
50
2620
1930
200
800
100
20
100
1000
1211
8630
300
7320
8653
7283
1000
5732
100
1000
100
500
100
100
3230
50
6670
9640
3650
4767
100
5340
290
50
1450
100
20
100
9480
8110
1192
300
50
6503
4130
100
500
50
50
3390
100
500
8360
50
800
7800
6735
50
50
8740
500
20
6065
20
50
1000
1000
50
2630
20
4490
1000
4030
7147
4960
500
6390
500
2050
600
100
100
1017
20
9020
50
5703
8900
20
1118
50
50
860
500
5725
500
5500
1000
20
100
7970
4117
50
2288
1000
400
1000
9040
3643
5087
170
100
500
6671
6010
190
3960
1000
50
