100
696850
10119
11820
12931
13869
15245
15888
16822
21391
23423
24353
36373
47996
51387
52099
57760
68491
76830
78236
94495
96317
97211
99055
101909
108789
110442
114188
126102
130368
141609
147049
152451
153360
158953
161418
162296
165114
169032
174882
185071
187664
194673
223782
224822
224959
233645
234652
242771
244968
253994
257323
262718
271270
275511
281727
282605
285274
293234
293328
295232
297182
300955
301928
306372
306442
316150
329115
344947
353513
359429
360568
365507
366669
370283
370345
378327
379228
381271
390957
391678
397532
408837
411373
417146
423247
428632
429028
430911
432373
433006
433036
444474
452548
456861
457969
459266
465343
482936
483187
498076
499200
