200
10000000 1
101273 0
7804411 1
7841842 1
2118318 1
4833063 1
3659805 1
4397290 1
6033044 0
4619044 0
6747059 1
4338553 1
778718 0
3821350 0
74996 0
118707 1
7267939 0
901309 1
2909098 1
1020701 1
4942893 1
7052964 1
5037472 1
5517997 0
1853547 1
9882670 0
9808335 0
7139536 1
8564345 1
4096634 1
8164546 1
5206902 0
2502831 1
4696583 1
4444315 0
1929713 1
7712110 0
5502634 1
3662669 1
1652571 1
585983 1
6413218 1
6279553 0
659836 1
7354118 1
1471292 0
4457300 1
9033896 0
4044803 0
1141388 0
6592263 0
3127157 1
2226088 1
2744580 0
2407309 1
6262855 1
2820058 1
5361460 0
602195 1
6450120 1
9447861 0
5387133 1
2857985 1
9922693 1
8737393 0
4208760 1
129016 1
8548588 1
5443119 1
9232145 1
5136501 1
7824142 1
966034 1
3464443 0
3037137 1
9921243 1
8710445 0
6824760 1
149623 1
2605459 1
4120552 1
1160164 0
198949 1
8578911 1
3438396 1
109558 1
9934924 1
6834480 1
2306277 1
2152611 0
1175047 1
2266390 1
5708678 1
4771282 0
2248712 1
4623188 1
8955153 1
1100191 0
7490277 1
7350449 1
4450338 1
3140856 1
5427397 0
8578833 0
7654165 1
8793582 0
4135209 1
1498319 1
4941868 1
8358245 1
4884035 1
640841 1
911621 1
5759061 0
7287312 1
2061112 1
3799219 1
3148131 1
8190726 0
6729071 1
7195069 0
6766164 0
1036277 1
8318487 1
3336257 1
80693 0
6981534 1
766736 1
1657099 1
3370148 0
8792399 1
7470736 0
6411725 1
8288663 1
8270166 1
4820756 1
9016914 1
4408147 1
2421229 1
3693909 1
919962 1
3716669 1
8413618 1
5291652 1
8589132 1
8216826 1
9266177 1
230012 1
6940285 0
2174649 1
2671141 1
9630004 1
6773859 1
4794141 1
5785717 1
8002177 1
7758120 1
1542074 1
9879917 1
1781450 1
2864651 1
6110800 1
2835741 1
4283549 0
171437 1
794906 1
444098 1
4155382 1
1851315 0
5474355 0
7252858 1
7534441 1
7747860 1
72521 1
9616899 1
1818337 1
4021193 0
4743825 0
5570992 1
8473184 1
4679009 0
4797289 1
1022526 1
5570244 1
5823446 1
3520034 0
8091981 0
5201493 0
425202 1
4867322 1
3160980 1
8638449 1
9452169 1
3466757 1
437117 1
3641256 0
7912884 1
7988715 0
7103545 1
4283718 1
