1000
4567 7241
-6850 7140
-8981 4597
-6793 418
6209 -6456
2698 9157
8136 4227
-9951 -1982
-6004 -1940
-4725 -1337
3969 924
2154 4774
-6444 6146
3362 7590
8208 -3890
-1930 -8762
6835 4164
-5223 1682
9323 4747
-6880 5760
2973 -2138
-4974 6242
8568 -3995
-5404 5179
5741 -4769
-4587 -6187
3503 8383
2107 -7290
-4589 1950
6628 -2669
5025 -8904
-1320 -9574
5275 -6009
5728 -5046
-6094 -4192
-7258 3785
-1090 7116
-8054 2412
-7801 4807
-3113 6784
5721 5516
-54 7287
-1497 -2445
-2105 -619
-1341 7354
-5009 1102
-4352 1273
-2272 -1548
6540 -7805
1123 -549
6093 1003
9418 -3318
-5248 -1318
6093 7935
-4803 2613
2054 4121
-6979 5801
-1429 6452
-2743 -5491
-5791 1706
-7789 -2664
3496 4722
-3349 -1720
-1331 3676
-7425 347
4740 -1568
-976 -5978
4569 7832
-1310 6815
3944 4134
-3518 -8841
7184 1418
3815 3078
3181 -1540
9482 1291
-8621 3019
9376 2793
59 707
5619 8942
8036 6233
5025 6213
270 2380
-4362 -4243
2563 -9644
-6947 -6895
-4316 -5577
-5193 -2323
6817 4344
-5598 -6115
4036 4319
-2134 -5846
7080 -6762
-583 7036
3988 -1950
-8312 691
5948 -724
7351 5117
-1215 8076
-3327 -2683
-5611 4429
-1908 7704
4114 8475
1038 -1546
2974 -1659
7007 -1544
-5771 2010
9099 2308
8 6952
2527 -9350
6541 429
3294 8799
-5099 -2534
2515 -2225
-7018 -530
1081 868
2523 4022
-1928 3812
-2231 5903
-9234 3285
-5886 -229
5019 8592
-9539 -2939
-8518 1115
1806 5477
7763 1381
6467 -4114
417 -6007
-1936 -5305
6007 5635
9759 2360
8559 974
2620 -4860
-918 -3267
-387 -6390
-6017 -1667
8605 -4276
-7206 6825
3568 -7790
6660 811
595 -228
-7626 1777
-6526 -3821
6562 -4110
8712 -4882
3658 -2749
-5052 -3411
-6762 -5395
-6505 6415
8247 -4015
6310 -5534
-1602 7814
-6375 990
-8258 851
-1111 7124
4680 7057
5981 2526
6109 -7277
-4293 5362
9276 -3912
-6992 2291
-252 -1699
2837 -77
-8235 -3494
-2923 -2083
-3591 -2624
8483 4039
1482 -3571
-5778 -798
-2797 1396
7881 1820
-8122 -901
-7618 -4708
-576 -9840
2812 -8720
-4191 5690
-1045 -8696
-6937 451
4413 6076
-7835 -303
-9103 -1722
-7736 5649
5790 6468
-5905 -4063
466 -1805
1934 2147
-3477 -4028
-7989 -2398
-4037 -2497
5713 8014
-478 -8541
-8707 252
-8062 -6781
3513 -1161
-5196 7572
-9106 4091
7475 -5624
-2251 4481
-6465 -804
2606 4710
7291 -1903
1598 -3875
3123 6406
-3304 -3481
5458 -7241
1336 3691
2181 -26
8417 3302
-2126 3436
-2030 36
-8587 -4903
5225 75
-7750 -1210
3279 7490
-7247 -3235
-2925 837
2676 922
-5436 -2919
-328 -5747
-9981 -1096
4526 7222
-7589 4270
-301 5190
760 1995
-4163 -3030
-3223 -9141
4465 -6323
5713 7722
5459 -1144
8927 4837
-9101 2945
-3392 -7719
5198 -4754
-5213 8257
-1956 -1693
-5150 -8859
-1029 7053
-8492 -1603
4111 -2072
7121 -5498
-2084 460
9035 -5052
4155 -2707
-5373 -5902
1818 6473
-4744 8607
-5356 6527
-5170 2478
1761 -7134
2280 4798
4448 -220
-9368 2488
6403 5543
-9156 3770
7863 -5374
4597 4993
1881 -6041
-5712 -1
7136 6356
3929 -8436
-3472 9846
3304 -4866
-3224 -9493
-1709 -4857
-1079 6929
9896 1709
7300 -4230
4057 -9737
-666 5939
7534 4710
8079 1602
8001 2127
4033 -8685
-8927 4288
245 -2814
479 2023
398 3690
8616 714
9086 4570
469 690
3115 -3258
6409 -2449
507 9225
-4328 9585
1073 9582
3713 7110
4887 -7017
-3039 -6119
1630 2866
4221 -6581
7130 -5539
9704 -3929
-4245 -2278
-4520 -1916
-743 -741
191 8416
6407 3685
5588 -8620
1154 -4979
7440 5842
-1611 -5494
-4391 -9031
-6930 6261
9051 -5305
-3545 -4720
3312 2486
-1254 -5285
-2231 481
-7368 -5090
-1045 -2270
-7237 -2099
4768 2624
-5638 5360
1819 -6936
-7331 -3553
-6395 386
4106 -7964
7536 -803
5419 -7379
-935 2538
-3093 807
-4638 5961
8589 -968
4938 4196
-6119 -8586
1725 7408
-5838 7941
4429 8334
-433 -8907
-5578 4607
-8868 541
-7247 3130
-5980 -2939
-2305 5682
3428 9149
-6414 7054
8591 -193
154 8968
-5956 2943
1617 2778
-1403 7892
-4254 1522
-702 -2531
-7138 5364
-7011 -7229
-6618 5438
3223 4258
428 -3787
-3745 437
-8553 5801
-215 8252
-3040 8673
-7529 -2351
-7923 3093
1278 -6963
-168 -1651
9190 1274
-6181 -8130
-8597 -4744
-3146 3974
6997 1890
-1433 -2571
-925 -7769
-4334 -596
-6826 7745
-2495 907
-7733 6953
-2392 6560
-6095 -6127
8247 -2643
3194 1324
3893 6258
-7983 -6877
1181 8195
6099 2052
-3627 8144
-5659 2224
9871 -2478
5452 -639
-5916 6523
5743 720
2753 9080
3820 7148
-2682 -9504
1599 -4415
7716 -6788
3573 -6941
7370 447
-1343 3962
-5121 7852
-3202 6183
4775 7549
-6947 -3165
-1655 665
5071 -2395
9408 445
-5014 4976
2573 6421
974 3902
-1655 -3828
6379 1374
3791 9723
-5900 8563
7590 1849
-684 6848
-6980 4617
-4985 -49
5785 955
7056 -6734
-8846 4040
-4615 -1832
-4992 6194
-8362 5522
-8263 -1084
-5699 8391
1124 6795
6695 333
-4782 -8389
-3089 -2655
7428 606
-4669 7356
-9501 4038
-4046 -4803
5517 -531
-7254 1382
-6903 -4718
3005 -5227
-8732 -33
-2000 -8539
-1987 6444
4789 -7052
9504 2265
6464 6656
5201 -3238
7787 -2779
5979 4619
5457 2264
2421 -6692
-7793 -5952
902 -8565
6382 -6658
7331 4722
4453 -477
-8042 3038
6741 -2403
-1629 -1677
9292 3526
-892 4936
-6592 2468
7057 -7147
-2930 3098
-8052 232
7228 5286
-9434 -3911
-5297 -8785
-9857 1996
3546 9777
371 5169
-2081 3829
418 -7710
-9063 -2981
561 -1044
-5154 1060
-2080 -417
-3105 -8004
-1091 -7053
-9166 1825
-5627 -2273
4918 3639
-8413 5161
647 4412
-8264 2543
1698 -3546
-5078 3284
-3743 -8418
-8076 5268
-69 7472
-2404 7144
-4271 -9501
3855 -7431
9472 1252
-8302 -5736
2205 -7502
791 -4679
3735 4299
7338 3937
5992 -5066
1591 -6965
8157 3924
-703 5866
-8203 3628
8520 -2235
5792 3746
-6309 938
2377 -4409
9442 -1874
-3561 652
-2138 -6945
-3581 7742
-5656 6393
-7392 -7225
2092 9682
-5454 1965
5698 2155
-4964 -1150
-8016 6319
2394 -4578
-5514 -8984
1387 -470
3374 -1442
-1550 -7871
-6014 1997
3406 4832
-2771 3692
7306 -6637
5485 -1920
4885 7798
-6481 3774
4943 3417
-6899 -4659
-820 -7822
-1862 3237
3915 8189
8815 2540
-2242 9562
714 -7062
1861 -285
9725 3997
-449 -9492
-2259 2271
-876 3928
4757 3558
3276 9605
131 -6434
4291 -5880
6152 6558
2419 5169
6330 -440
-8365 -2205
-3317 5001
2130 -9944
9934 1216
4323 383
8021 -5565
-170 9301
-9225 6
8380 2316
-823 1411
-537 8594
4160 8242
-975 4320
-5141 5497
4007 -804
2554 271
3319 2836
498 8192
994 5864
-6160 2967
-4770 -7494
4614 8827
-2156 8638
8107 5394
5555 3876
8989 -3392
-4093 -6875
-9247 -1075
-356 -9977
5592 4256
3287 8483
782 -6282
7147 -5862
3627 3612
-8536 -540
-3516 -8466
431 2826
8025 4252
7836 -1391
-4928 5127
5377 -8140
-4456 -4257
5622 1851
7072 -6299
793 480
8306 -2605
-4322 -4752
-8383 -961
2972 -6847
8019 -6615
4072 -963
174 7135
-4321 8638
9515 -523
193 -5664
-6861 5472
-5762 -775
2037 -2159
-5773 -6144
1307 -6788
8214 -2689
8454 1228
6085 5247
1753 -4905
3455 5173
6659 -7928
-5714 -3238
309 -9111
2772 -6556
-2582 -7433
6661 -4363
-6783 4890
3628 -8263
-771 -5026
3719 4428
-8101 4063
-5980 -5585
-7663 190
5681 5127
534 1780
2093 2689
-628 7598
8777 3664
7777 3924
5371 -7985
-1544 8076
-9693 443
2556 -4139
3654 7380
-2144 -2959
4661 -889
-507 -8194
-8379 -3946
9460 4235
1692 -1932
8905 -3222
5717 -4022
-3144 8786
-75 -3690
-58 -2833
-5968 -8369
-5184 -2955
2746 -3078
2318 9253
543 -9748
33 -1276
-7290 980
7739 -630
2802 -9771
-60 -8278
-8462 -5548
4324 -6759
2401 33
3928 -4140
-1804 1210
-2304 -1359
2431 -9663
-4943 -3067
-2037 3168
-8017 1035
-7861 3942
-2734 -6179
-6374 6696
445 2224
-6426 5537
-7176 5410
-1862 9401
1479 8960
-5979 3509
8428 6349
-197 -2489
2503 -4078
-1896 -9563
-7190 -4250
-640 4366
4186 7121
-7277 1935
6511 -5408
9951 2475
-1667 -3779
-1053 1127
3135 6698
-8808 2062
-3721 8963
-5370 6973
-3308 1011
-962 5776
8441 2514
-4952 3039
-4246 1457
-7417 2341
216 2447
4424 8891
6422 8250
1167 2161
4458 -8404
-1130 5883
-4149 2934
-8952 -3370
3414 -5514
488 -5629
-5622 4135
1699 3122
1724 -3339
-1203 -7513
-578 -1083
2185 -6658
-4118 5491
-2430 -4865
-8109 -77
-5477 8991
3724 -9894
4301 -6421
-7303 -3813
-1226 -882
-1834 -9019
9397 2083
5150 -3707
-8443 3719
-196 -2765
1437 -2963
-5454 -4742
2083 -6532
5492 -5731
3983 8563
-544 8784
-1050 -568
-8445 1604
-5922 7624
-1954 -3817
8291 -3090
-2490 -8731
-5802 -5280
-1678 -4145
-5073 6428
-7115 -387
5410 -6607
4781 -2587
-1214 -1366
4150 -8052
6448 5599
7448 83
-7862 -240
6005 2782
-2846 616
3527 6444
-2267 -4776
-8281 -1359
-4234 7935
-5130 896
-5460 -4834
3543 3038
9688 -3421
1277 -6183
2271 -9658
-6600 2588
-2562 -3215
7800 -506
7440 -4383
-3057 6131
3606 -6013
-5969 -1163
2986 2026
-1510 -9110
1144 -7683
6105 -7255
-1075 6527
-5819 -1810
-3633 -8221
1214 1440
-2896 -2831
-6950 -1858
4221 4160
-1653 9004
8490 1497
-6156 -3600
3651 -5484
-4687 -7362
-6441 -2677
-3942 -6894
3780 2928
-3442 -1750
1281 -8402
-6033 5964
4448 -4399
-482 4565
-4969 -5694
-8942 -2664
6586 -8301
6930 5347
6003 8157
-7736 -2737
8039 -2957
1517 -7467
-6318 1120
-3508 2103
1468 -6723
-7574 2009
8208 -5894
-6958 4512
-5051 -1134
-1478 4359
-8190 5175
7691 -1924
6607 4769
6453 821
7889 1925
2857 9151
-159 5793
4912 -3817
-4935 -3666
5381 -4032
3978 -3377
-2046 3686
4122 9277
549 -5470
7703 -1646
-2290 -3456
-2999 -2511
9014 -1367
-517 6533
-2107 5461
8698 1998
3924 3009
-1338 -14
-7831 1471
4667 -2274
-1954 8114
-382 7842
-3278 -3789
-3187 241
-8781 3488
68 2488
5754 -3346
-6104 -4654
7232 -717
-1387 -9773
-1031 -7204
-1065 -7263
6850 3738
-5517 6611
-5482 6507
8769 1779
-5556 7464
4823 -291
3050 1808
-1488 -7422
5485 5495
2588 3632
-8750 -1217
2138 -2685
6779 -7976
6109 848
2765 3397
5056 4210
-577 -300
-594 9953
-328 -6126
639 6065
9930 -979
8271 -1743
8297 -4789
-2763 356
-1913 689
-5567 -6844
325 -1724
803 8565
-5013 8025
-7559 -2604
-3432 7130
9224 920
-4388 -8910
-4083 8972
-2480 6520
1707 -3388
5922 -7062
6367 -437
373 9664
-1022 -60
-1520 6243
-3526 -2569
-1307 7101
-7125 -5333
-4926 -3091
-4909 6968
9947 1183
2928 3212
1480 21
3943 -3158
829 -881
846 -603
-7741 -3192
-1028 886
8706 -4418
-2775 9206
5747 -4739
-8151 -3759
-3650 3162
158 -1695
4883 -449
668 7125
1865 -4223
3583 2805
7146 602
-6091 -8587
-7481 -6195
-1009 4300
-4392 -4092
7762 5508
-5800 -8466
3573 -9842
2897 -7106
-2828 7827
8129 3275
-7714 4555
-8140 1017
-3883 4920
5271 98
3249 -9274
2942 -2210
-6698 7073
3110 -1209
173 -8588
7707 6495
5572 -4628
-5569 -1187
-5499 -1360
-3178 -3615
1655 7850
6915 1000
9407 -1256
3126 6587
-7481 -467
7233 4752
-5745 6114
7185 -4910
8318 -2256
4373 6907
-1452 7526
-4496 -4645
4219 2500
-44 677
573 3476
3557 5730
1059 7532
-3570 5963
2702 560
9152 -1804
1006 -5545
5882 5164
3703 1400
1038 7889
8031 3478
-8726 -4016
-3473 -8501
4233 -6674
3027 8069
-8707 5117
-954 -9894
-7015 4787
-5665 4861
330 -1201
-4759 6678
-6971 -793
-7825 -3742
-5688 6789
-1303 -4037
7136 -2184
2745 -3264
-8839 -5109
-5869 652
3533 -1398
-2300 -3209
-3261 7309
5239 1057
835 3758
396 3721
-5078 428
8474 4654
9072 -4745
-3539 -759
3491 8777
3667 -6673
-3335 7473
1111 6416
1500 -8095
1247 8064
-7474 6297
-9702 1725
7058 -7116
-4469 -8879
-5675 1939
-1606 5042
4463 -6218
-8035 -6398
386 3776
2122 -9315
4511 8950
-9155 -3554
7766 -2145
1716 -6213
-6418 -3745
4201 1416
